sample_id,subject,task,repeat_id,label_task,window_id,window_start_sec,window_end_sec,progress_end_ratio,task_required_time_min,elapsed_required_ratio,anchor_source,task_difficulty,nasa_tlx_weighted_task_label,hr_n,hr_mean,hr_std,hr_min,hr_max,hr_slope_bpm_per_min,eeg_frontal_delta_power,eeg_frontal_theta_power,eeg_frontal_alpha_power,eeg_frontal_beta_power,eeg_frontal_gamma_power,eeg_frontal_theta_alpha,eeg_frontal_beta_alpha,eeg_central_delta_power,eeg_central_theta_power,eeg_central_alpha_power,eeg_central_beta_power,eeg_central_gamma_power,eeg_central_theta_alpha,eeg_central_beta_alpha,eeg_parietal_delta_power,eeg_parietal_theta_power,eeg_parietal_alpha_power,eeg_parietal_beta_power,eeg_parietal_gamma_power,eeg_parietal_theta_alpha,eeg_parietal_beta_alpha,eeg_occipital_delta_power,eeg_occipital_theta_power,eeg_occipital_alpha_power,eeg_occipital_beta_power,eeg_occipital_gamma_power,eeg_occipital_theta_alpha,eeg_occipital_beta_alpha,eye_n,eye_pupil_filtered_mean,eye_pupil_filtered_std,eye_valid_ratio,eye_fixation_ratio,eye_saccade_ratio,eye_eyes_not_found_ratio,eye_aoi_interval_n,eye_aoi_unique_hit_n,eye_aoi_total_fix_ms,eye_aoi_fixation_n,eye_aoi_fixation_density_per_sec,eye_aoi_coverage_ratio,eye_aoi_max_share,eye_aoi_entropy,eye_aoi_pupil_weighted_mean
subject_25_task_3,25,3,,3,1,0.0,30.0,0.02682763246143528,10.0,0.05,eye,低,4.666666666666667,0,,,,,,13.645930175983061,2.792913421839668,2.7543458211578646,6.29205994007814,3.8713661508854478,1.0140024540076056,2.284411743705117,10.010973835154505,3.1121404629264036,2.03445390694597,5.140148510492286,2.098645826925244,1.529717853179681,2.5265495044851836,20.51192006584947,4.997600703688578,4.518346215539126,15.592664591305644,9.182236340447131,1.106068562542029,3.450967200716189,24.005474093715538,7.535141825831809,20.91776254926682,40.140026455169334,25.61117391934276,0.36022695104624947,1.918944550624334,2954,3.204841018582244,0.2065866657064431,0.9377115775220041,0.8669600541638456,0.0944482058226134,0.023019634394041977,0,0,0.0,0.0,,,,,
subject_25_task_3,25,3,,3,2,5.0,35.0,0.03129890453834116,10.0,0.058333333333333334,eye,低,4.666666666666667,0,,,,,,13.309554045475256,2.6985257833811698,2.776754151818489,6.112109468600958,3.5845434377010585,0.9718274056109406,2.201170551810701,8.780749046260302,2.943375531291695,2.089255773106124,4.769056512942786,2.106613808931107,1.4088153155684429,2.282658051892118,19.713663535357277,4.649400343918573,4.364450116448625,14.210783788479125,7.716539710091581,1.065288918389979,3.2560307505685304,22.923805164151926,8.175661394959668,20.77285973801776,34.92509575601476,23.493617178098933,0.3935741875730696,1.6812849167847639,2995,3.24639328130302,0.18201525117101924,0.9482470784641068,0.882804674457429,0.08180300500834725,0.01969949916527546,0,0,0.0,0.0,,,,,
subject_25_task_3,25,3,,3,3,10.0,40.0,0.035770176615247035,10.0,0.06666666666666667,eye,低,4.666666666666667,0,,,,,,12.52893081765663,2.861125783521169,2.665945145982434,6.130689514602551,3.7019432189238697,1.0732125482149817,2.299630779666067,9.254370845531597,2.9884998870365185,1.9257161257044355,4.669277162915676,2.156528992439874,1.5518901499271145,2.4246965067126047,21.524323743572438,4.685534498377715,4.2162537051458555,13.339306289921762,7.566042831329359,1.1113027882214752,3.1637816940762833,30.383342611854488,7.750700187896828,19.168321820911213,32.87790585012936,21.637605263760676,0.4043494396802849,1.7152208814786285,2995,3.255579695431472,0.18263150906908057,0.9692821368948247,0.8914858096828047,0.07813021702838063,0.01702838063439065,0,0,0.0,0.0,,,,,
subject_25_task_3,25,3,,3,4,15.0,45.0,0.04024144869215292,10.0,0.075,eye,低,4.666666666666667,0,,,,,,12.464100162674363,2.686730194354811,2.4498117290267283,5.597328594749535,3.504468065118737,1.0967088460394492,2.2847994923157895,8.31168401696516,2.9493449018731313,1.7848755664788027,4.369353716587355,2.0175240674475385,1.6524092532072643,2.447987859012045,21.11196688517632,4.712147381987062,4.05092046667358,12.558619815669797,6.789407470884901,1.1632288070707173,3.100189183912151,28.97951029382645,7.2824259226955945,18.085323044454757,28.71960832271471,19.537609844400418,0.4026704916906917,1.5880063768902701,2995,3.186761548913043,0.15816959139580633,0.9545909849749583,0.8791318864774624,0.07746243739565943,0.02337228714524207,0,0,0.0,0.0,,,,,
subject_25_task_3,25,3,,3,5,20.0,50.0,0.0447127207690588,10.0,0.08333333333333333,eye,低,4.666666666666667,0,,,,,,12.256507505511978,2.6349647593476195,2.256285991730116,5.363643634117046,3.139848723989258,1.1678327876011558,2.377200254655756,8.455078312328409,2.9857498354149885,1.721178789458279,4.15587750593049,1.7607370671025573,1.7347121947480648,2.414553055954462,21.02856133534922,4.791563754811638,3.9973795147685767,11.427297152819722,6.12296768648832,1.1986762170339085,2.858697081575776,32.488976422968555,7.834426706417915,16.72123995192497,27.52442810204467,18.58357447834361,0.46853144437509286,1.6460757803356576,2995,3.1811995257452574,0.15424244480308574,0.9559265442404007,0.8804674457429048,0.07612687813021703,0.022370617696160267,0,0,0.0,0.0,,,,,
subject_25_task_3,25,3,,3,6,25.0,55.0,0.049183992845964676,10.0,0.09166666666666666,eye,低,4.666666666666667,0,,,,,,11.895773593818753,2.554235624735501,2.2348385894593616,5.472421080709028,3.292272228347338,1.1429172723178214,2.448687393586166,6.42437028061186,2.8381472717593446,1.73960191099778,4.190890423265286,1.7424948812924503,1.6314923855949743,2.4091088867921084,22.197903837502132,4.817143837334347,3.9773447949544893,11.344985522589207,5.954381120433437,1.2111456475800628,2.852401817660121,34.63480919012188,7.725603462720983,13.384602191265769,23.387513658705345,16.382641525883304,0.5772008276616833,1.7473446968761654,2995,3.181179159663866,0.15257898558428606,0.9692821368948247,0.8998330550918197,0.0657762938230384,0.014691151919866445,1,0,0.0,0.0,0.0,0.0,,,
subject_25_task_3,25,3,,3,7,30.0,60.0,0.05365526492287056,10.0,0.1,eye,低,4.666666666666667,0,,,,,,10.476138825141085,2.7261655610494255,2.1478527577088515,5.493459091314118,3.386058120156244,1.2692516054766572,2.557651622811462,6.038863093350105,2.9185928700000274,1.696730003389245,4.016841699719397,1.7481389961432103,1.7201280487585486,2.3674018209707453,23.241018668355636,5.198298551701129,4.02118613118506,11.262275943321207,6.214957830584335,1.2927276634591318,2.800734802097352,36.08478100558753,8.514395863988831,11.10981151372219,21.83039949433474,15.313712180909675,0.7663852670652734,1.9649657842863584,2995,3.163997973657548,0.17033153679904667,0.9595993322203673,0.889482470784641,0.0681135225375626,0.019365609348914858,1,0,0.0,0.0,0.0,0.0,,,
subject_25_task_3,25,3,,3,8,35.0,65.0,0.058126536999776435,10.0,0.10833333333333334,eye,低,4.666666666666667,0,,,,,,10.88037396235695,2.570264533132412,2.190354008327706,5.443565450758911,3.276227459201487,1.1734470881694417,2.4852445906289686,5.374468102003081,2.8473593269547055,1.5993685995695575,4.02282584384426,1.5635436798452405,1.7803021315543042,2.515258737058446,21.729748244966476,5.063953999357961,4.156594927734024,11.780849369972525,5.961778335573971,1.2182938408478947,2.8342548587949317,34.556846799961164,8.365046868554787,10.360674771919545,21.698456239488014,14.020969529805123,0.8073843695225824,2.09430917552756,2994,3.133284459459459,0.16255314516620462,0.9595858383433534,0.8904475617902472,0.0704742818971276,0.019372077488309953,1,0,0.0,0.0,0.0,0.0,,,
subject_25_task_3,25,3,,3,9,40.0,70.0,0.06259780907668232,10.0,0.11666666666666667,eye,低,4.666666666666667,0,,,,,,13.471733303642052,2.774447619173469,2.4379347032689886,5.53231459888612,3.2925288745612584,1.1380319642906167,2.2692628278632423,6.308357953418998,2.721819069428145,1.808927706454477,4.07698701552009,1.5803462334798997,1.5046588427588117,2.253814235346663,22.44649472194304,5.287836468251544,4.2762028690130425,11.554369139366662,5.815703209785681,1.2365728732304013,2.7020161328392347,29.91128347043133,9.533217584212869,10.937330788869856,22.18869851907337,14.77546292927894,0.8716219494718169,2.0287123931236706,2994,3.126452340855506,0.14432977306012534,0.9629258517034068,0.8981295925183701,0.06813627254509018,0.014028056112224449,1,0,0.0,0.0,0.0,0.0,,,
subject_25_task_3,25,3,,3,10,45.0,75.0,0.0670690811535882,10.0,0.125,eye,低,4.666666666666667,0,,,,,,13.13110545514736,2.8179976758957928,2.5177747208252432,5.822901239064124,3.496108817181869,1.1192413890676234,2.3127173336443576,13.007547575173765,2.984574971393538,1.7374761248937933,4.147106735688773,1.6499277173296178,1.7177645946507472,2.386856818502915,21.75404897284645,5.20342637051073,4.46725158745809,11.671739635858625,5.935276911467421,1.1647936698079568,2.6127338940630294,34.74756868899443,9.924749767687915,10.326155441846575,21.015830535452626,14.104857092197241,0.961127287263954,2.0352037749002228,2994,3.1424755033557052,0.13554317418591666,0.9769539078156313,0.9208416833667334,0.05978623914495658,0.007682030728122912,1,0,0.0,0.0,0.0,0.0,,,
subject_25_task_3,25,3,,3,11,50.0,80.0,0.07154035323049407,10.0,0.13333333333333333,eye,低,4.666666666666667,0,,,,,,13.36758117953705,2.9624644330735714,2.475777067800821,5.72778877736987,3.347759381888975,1.1965796402278919,2.3135317197431435,12.779828307935205,2.973229012334889,1.8525505753877374,4.213851226242827,1.5745367673736188,1.6049381063254344,2.2746214231483917,21.992879268088537,5.005171274380025,4.34448606889315,11.348914821020536,5.784590116812755,1.152074421464355,2.6122571556345013,32.57378459499925,10.37582552182416,10.436812854448341,21.606945146291764,14.704128746418881,0.9941565175619502,2.070262775391486,2994,3.1281236486486486,0.13119589117151806,0.9706078824315297,0.9188376753507014,0.05711422845691383,0.012692050768203072,1,0,0.0,0.0,0.0,0.0,,,
subject_25_task_3,25,3,,3,12,55.0,85.0,0.07601162530739995,10.0,0.14166666666666666,eye,低,4.666666666666667,0,,,,,,13.678784452792415,2.8829407409744623,2.5664755616582626,6.184862728766337,3.63794131384152,1.1233073028413034,2.409866207636961,17.040717657998645,2.928665770506344,1.8793091674873923,4.469972821295402,1.6732417825246235,1.5583735881105318,2.378519138110568,19.91213098550243,4.89117410012573,4.439603924774078,11.76455062865989,5.717101725864049,1.1017140679671402,2.6499099532304706,32.854796182985574,9.498980451328785,10.815251682160522,20.982370894597693,14.469135113261416,0.8782949052398945,1.940072363660993,2994,3.1141208304969368,0.13669023618791928,0.9595858383433534,0.8934535738142952,0.06780227120908483,0.020374081496325986,2,1,94.56867324340651,0.17809542983692375,0.005936514327897459,0.00315228910811355,1.0,-1.000088900581841e-12,3.07531
subject_25_task_3,25,3,,3,13,60.0,90.0,0.08048289738430583,10.0,0.15,eye,低,4.666666666666667,0,,,,,,14.388786058832258,2.726234067876464,2.4616560065233304,6.018656589383016,3.495750321969684,1.107479704983965,2.4449624859987416,15.042629515978613,2.9786783385216125,1.8232946330699404,4.406403839748536,1.598829430211705,1.6336791018280545,2.416726161437403,19.24842549626863,4.550563478721805,4.098260960698001,11.046094781783163,5.563469660052414,1.1103644990793289,2.695312691825713,29.580787754893702,9.004768795568467,10.667598107241139,20.892205689974457,14.019525179806342,0.8441233635766661,1.9584732645479848,2995,3.120146630545208,0.11126303021796524,0.9716193656093489,0.9121869782971619,0.05809682804674458,0.014357262103505844,2,1,201.47425005033222,0.3794241997181398,0.012647473323937992,0.006715808335011074,1.0,-1.000088900581841e-12,3.07531
subject_25_task_3,25,3,,3,14,65.0,95.0,0.08495416946121172,10.0,0.15833333333333333,eye,低,4.666666666666667,0,,,,,,14.505252454093162,3.1629079946188576,2.4466301165879702,6.409528946712145,3.762737008200556,1.2927609993740274,2.619737615120494,17.795148954447264,3.2228787790651268,1.9532623737919812,4.673245499635954,1.7333709782700646,1.649997881650874,2.3925334160630514,19.89241378973548,4.899202496455264,4.064904601241951,11.06815948367408,5.344017960358544,1.205244151353124,2.7228583618647346,30.77849577582357,9.146968379675167,9.614325019665207,18.974263956432562,13.176526160005514,0.9513895526691571,1.973540931643404,2995,3.1268198442262105,0.10993978112258529,0.9706176961602672,0.9051752921535893,0.06176961602671119,0.014357262103505844,2,1,308.37982685725797,0.5807529695993559,0.019358432319978528,0.010279327561908599,1.0,-1.000088900581841e-12,3.07531
subject_25_task_3,25,3,,3,15,70.0,100.0,0.0894254415381176,10.0,0.16666666666666666,eye,低,4.666666666666667,0,,,,,,11.77558201550091,2.926884829959961,2.1856147851336662,5.78559741442456,3.3319120389929826,1.3391585973284679,2.6471258584896185,12.142195790154004,3.0944292579216675,1.7486857693551514,4.376804259355606,1.6000630217940477,1.7695742209092116,2.5029106635719947,22.237389877292614,4.774723824536744,3.9828943755324677,10.846509083384106,5.187966276340684,1.1988075440485206,2.72327309255698,26.74654353822439,7.7776370041016785,9.484851322896864,19.224057420785055,12.59284199121619,0.8200062119398865,2.026816949083567,2995,3.115013206908229,0.10356185798765168,0.9766277128547579,0.9191986644407345,0.05008347245409015,0.014357262103505844,2,1,415.2854036641836,0.7820817394805718,0.02606939131601906,0.01384284678880612,1.0,-1.000088900581841e-12,3.07531
subject_25_task_3,25,3,,3,16,75.0,105.0,0.09389671361502347,10.0,0.175,eye,低,4.666666666666667,0,,,,,,12.686551801434327,3.05937139450158,2.24897638641626,5.900315702404999,3.4263187252961433,1.3603394917706018,2.6235560933599404,10.78322963125179,3.077392650138989,1.808544821891121,4.428477997950604,1.6565572854648323,1.701584949894184,2.4486415511228117,21.203683635983623,4.855650376990262,4.097484093377478,11.155590531246817,5.341154105143314,1.1850321481023351,2.722546391156696,28.128715287177993,8.286939432786928,11.00123461039766,18.91635040614971,12.67033500829173,0.7532735848533442,1.7194752294684446,2995,3.0997118184896717,0.10126613049858647,0.9769616026711185,0.9145242070116861,0.05308848080133556,0.014357262103505844,2,1,522.1909804711094,0.9834105093617879,0.03278035031205959,0.017406366015703646,1.0,-1.000088900581841e-12,3.07531
subject_25_task_3,25,3,,3,17,80.0,110.0,0.09836798569192935,10.0,0.18333333333333332,eye,低,4.666666666666667,0,,,,,,11.643089977777274,3.17447012341873,2.2619232876066726,5.799954750008329,3.3053131669439075,1.4034384547044554,2.5641695197122383,7.513517809233026,2.9892459511178617,1.7028630867637544,4.38540188827435,1.6565614076429085,1.7554235418884108,2.57531091158285,21.503029598093747,4.956178054887743,4.04100930053248,11.088712825764663,5.233538737848434,1.2264703410196736,2.74404536121793,27.815174889443043,7.6729189441451595,10.900327560509245,19.274138514755887,12.544116822054333,0.7039163641231616,1.7682164510894232,2995,3.1595499153976307,0.19565150040274132,0.9796327212020033,0.9121869782971619,0.05542570951585977,0.013689482470784642,1,1,531.0000000000001,1.0000000000000002,0.03333333333333334,0.017700000000000004,1.0,-1.000088900581841e-12,3.07531
subject_25_task_3,25,3,,3,18,85.0,115.0,0.10283925776883523,10.0,0.19166666666666668,eye,低,4.666666666666667,1,81.0,,81.0,81.0,,11.839773667743884,3.3893122448388056,2.1721502825297714,5.516567037500966,3.15364544641799,1.5603488727729646,2.539680187816543,6.7127347963411985,3.164237735985139,1.7589978644630868,4.2181483382006855,1.6439513650206232,1.7988866273871145,2.3980406249601818,22.526666605565396,4.925728653022716,4.177585180424826,11.047144750858383,5.12302558420274,1.1790851509392348,2.64438527851513,29.075102325713882,7.922216505503421,11.232242741835577,19.11668631664683,12.325550530344536,0.7053103006754259,1.7019473987545586,2995,3.199713178294574,0.20244773799658888,0.9846410684474124,0.9161936560934891,0.05843071786310518,0.010350584307178631,1,1,436.43132675659365,0.8219045701630765,0.027396819005435884,0.014547710891886455,1.0,-1.000088900581841e-12,3.07531
subject_25_task_3,25,3,,3,19,90.0,120.0,0.10731052984574112,10.0,0.2,eye,低,4.666666666666667,1,81.0,,81.0,81.0,,10.917845508317864,3.1745339562494936,2.1183349096544384,5.251136988177135,2.874551573253745,1.498598706834016,2.478898385824056,6.27206373664566,2.864662285608579,1.7194843964157043,4.23745680291266,1.5503268825873684,1.666000745095459,2.4643764210630312,22.689548165394264,4.7157922948382005,4.058639987546069,11.118294673767222,5.200263511604534,1.161914412046548,2.739413869641972,31.62869775579126,7.959355686619918,10.96292550754472,19.24216657761492,12.762206731867485,0.7260247897463378,1.755203623738244,2994,3.2200243572395126,0.2221682128571845,0.979625918503674,0.8904475617902472,0.07247828991315965,0.013694054776219105,1,1,329.52574994966795,0.6205758002818605,0.020685860009395353,0.010984191664988931,1.0,-1.000088900581841e-12,3.07531
subject_25_task_3,25,3,,3,20,95.0,125.0,0.11178180192264699,10.0,0.20833333333333334,eye,低,4.666666666666667,1,81.0,,81.0,81.0,,12.748212920506344,3.159241946151142,2.129918152404575,5.499813594305325,2.9647781355402536,1.4832691775430478,2.58217133277929,7.082679643363676,2.8628428685186336,1.7380363983791076,4.178168353032331,1.6033207717841977,1.6471708366916367,2.4039590637623527,23.911678182123207,4.587400466111189,4.126837023682597,11.481836980106676,5.558481064789047,1.1116020428685616,2.7822365928715107,30.550270020772246,7.744830214561792,11.10975923282659,19.06566629341776,13.04281504029859,0.6971195371793237,1.7161187649398766,2994,3.2340840421912214,0.22441230731960182,0.9719438877755511,0.8857715430861723,0.07114228456913828,0.019372077488309953,1,1,222.62017314274223,0.4192470304006445,0.013974901013354817,0.0074206724380914075,1.0,-1.000088900581841e-12,3.07531
subject_25_task_3,25,3,,3,21,100.0,130.0,0.11625307399955287,10.0,0.21666666666666667,eye,低,4.666666666666667,1,81.0,,81.0,81.0,,10.561018952085952,3.0422407606080784,2.1589110974440424,5.457527967712236,3.1247201255592634,1.409155182077585,2.527907691138121,5.788002881342567,2.8278166446863544,1.720992065200657,4.308175305622465,1.7105785698258773,1.6431317156344056,2.5033092207314502,22.388768185221856,4.539262189977914,3.9613399268978755,11.45411497461754,5.553618003987047,1.1458906010958292,2.8914749014198473,29.546748743730873,7.866515257616489,10.717210768342648,18.828332792839415,13.486692374113103,0.7340077029046801,1.7568314368189946,2994,3.266376322074377,0.22732504574309373,0.9655978623914495,0.8707414829659319,0.08049432197728791,0.023714094856379427,1,1,115.71459633581652,0.21791826051942847,0.007263942017314283,0.0038571532111938843,1.0,-1.000088900581841e-12,3.07531
subject_25_task_3,25,3,,3,22,105.0,135.0,0.12072434607645875,10.0,0.225,eye,低,4.666666666666667,2,79.5,2.1213203435596424,78.0,81.0,-11.250000000000053,11.553012029184567,2.9888119220858638,2.316712232927423,5.21144196449659,2.88806831233442,1.2901092676103187,2.249499048879003,6.7825353100569075,2.742999133438271,1.8602620012778257,4.275834277221325,1.6010480427114613,1.4745230142604038,2.298511862460356,25.079320198208748,4.623280745890569,3.9613909766492355,11.294990300380405,5.637335974828716,1.167085191323679,2.8512687505373013,27.30521154612399,8.247265159871349,10.165318028061156,17.899484901491196,12.70903740359094,0.8113140323898317,1.7608386527681699,2994,3.3148116438356166,0.224596861181975,0.9525718102872411,0.855377421509686,0.08450233800935204,0.03206412825651302,3,1,8.80901952889081,0.016589490638212447,0.0005529830212737482,0.0002936339842963603,1.0,-1.000088900581841e-12,3.07531
subject_25_task_3,25,3,,3,23,110.0,140.0,0.12519561815336464,10.0,0.23333333333333334,eye,低,4.666666666666667,2,79.5,2.1213203435596424,78.0,81.0,-11.250000000000053,9.693935175538137,2.9220972391626967,2.200010327344783,5.1865382901125,2.942625489057198,1.32821978280866,2.3575063378780547,6.604091990418897,2.81571730697758,1.8800599651783358,4.205930280871562,1.6431644380675536,1.4976742014239375,2.2371256017212207,22.660689795127205,4.65850306801258,3.91147297627975,11.26215521619771,5.5993571599012775,1.1909843417717638,2.8792619262601384,26.300622792853943,8.133096330703266,9.69814165872909,18.01860722619777,12.97830680251129,0.838624204193062,1.8579443217329792,2995,3.267064988091187,0.2195333473564392,0.9542570951585977,0.851085141903172,0.09081803005008347,0.02904841402337229,2,0,0.0,0.0,0.0,0.0,,,
subject_25_task_3,25,3,,3,24,115.0,145.0,0.1296668902302705,10.0,0.24166666666666667,eye,低,4.666666666666667,1,78.0,,78.0,78.0,,11.963179797594789,3.1042412018040153,2.372547541131834,5.496663782441972,2.922739652497315,1.3083999995730848,2.316777087560389,7.9386304720304,2.9294771116110847,2.0133226652092975,4.454957684193537,1.6860846603569113,1.4550460103753649,2.212739051308706,22.45667344279888,4.932923143364999,4.057600803668722,11.424515585077398,5.789103927775722,1.2157241143349649,2.815583922092041,28.04491022775025,8.678911158826773,10.693177932429,18.767668489368077,13.66044019638042,0.811630668980678,1.7551067239283207,2995,3.231500508646999,0.22509804983253737,0.9505843071786311,0.8497495826377296,0.09115191986644407,0.02637729549248748,2,0,0.0,0.0,0.0,0.0,,,
subject_25_task_3,25,3,,3,25,120.0,150.0,0.1341381623071764,10.0,0.25,eye,低,4.666666666666667,1,78.0,,78.0,78.0,,10.075109254678289,2.7874770228961365,2.2341456202741927,5.264461443723373,3.002992013557551,1.2476702492445566,2.3563645072863584,7.56893754599951,2.6939047900275277,1.7754885888374474,4.249357957848505,1.63464329153354,1.517275192284643,2.393345687809177,20.217865543901333,4.908012973548078,3.904629607417518,11.078146248613187,5.542779566991078,1.2569727392899086,2.837182361053744,21.681998401136905,7.890931011633891,10.97789847020064,18.582551711019374,13.82643084195204,0.7188016024245185,1.6927239545402486,2995,3.2137569491525424,0.2152402198292107,0.9519198664440734,0.8550918196994992,0.08747913188647746,0.02604340567612688,4,0,0.0,0.0,0.0,0.0,,,
subject_25_task_3,25,3,,3,26,125.0,155.0,0.13860943438408227,10.0,0.25833333333333336,eye,低,4.666666666666667,1,78.0,,78.0,78.0,,12.146086921487163,2.8510781885737773,2.4026022699171796,5.452575820697941,3.089511774097538,1.1866625717755845,2.269445879149152,8.432988844872213,2.8426225063805863,1.97504242017716,4.2890904142419535,1.577698892763055,1.43927162137895,2.1716447051589025,19.292228992574547,4.898913225417283,4.109691011028552,11.00673611147586,5.677708747366955,1.1920393071573545,2.6782393328205836,24.439976178749983,7.886466701420519,11.560775996018634,19.105516341071517,14.024406478411663,0.6821745100965978,1.6526153908397831,2995,3.21923455532926,0.22061369022153599,0.9475792988313857,0.8490818030050084,0.09015025041736227,0.02904841402337229,4,0,0.0,0.0,0.0,0.0,,,
subject_25_task_3,25,3,,3,27,130.0,160.0,0.14308070646098814,10.0,0.26666666666666666,eye,低,4.666666666666667,1,78.0,,78.0,78.0,,10.82056482903869,2.8673687760949544,2.069969958594307,4.965102005686286,2.8107023735749888,1.3852224106876179,2.398634813549676,7.9173746845725494,2.6773272587477734,1.682453512249447,3.9458404384597707,1.4380137265779736,1.5913231713417009,2.345289429830466,18.046272087635003,5.114562350565182,3.845624768645333,10.768072916182787,5.377875140969881,1.3299691619072984,2.8000841382077866,20.82908431600704,8.221067975225976,11.222968004766557,18.223053791498067,13.64315426829875,0.7325217332647095,1.6237285701748836,2995,3.185635748138118,0.21476692574944461,0.9505843071786311,0.8504173622704507,0.08981636060100166,0.02671118530884808,4,0,0.0,0.0,0.0,0.0,,,
subject_25_task_3,25,3,,3,28,135.0,165.0,0.14755197853789404,10.0,0.275,eye,低,4.666666666666667,0,,,,,,11.744011604292332,2.994632701005246,2.1790453699406864,5.078184720591079,2.831973309112743,1.3742865303840643,2.330463050766725,7.266853607559106,2.881321870198924,1.6997867838425182,4.125181085116856,1.4692340420051078,1.6951078203381726,2.426881491448898,16.981363803756732,5.117031050737358,3.8403625046095113,10.607519778239084,5.345249891657665,1.3324343846695428,2.7621141924771653,23.003439337882003,8.93476476222991,11.673140822205445,19.098616923366496,13.399963273210753,0.7654122312337388,1.636116381551382,2995,3.147845113290497,0.2134806822932957,0.9562604340567613,0.86110183639399,0.08781302170283806,0.024373956594323874,4,0,0.0,0.0,0.0,0.0,,,
subject_25_task_3,25,3,,3,29,140.0,170.0,0.1520232506147999,10.0,0.2833333333333333,eye,低,4.666666666666667,0,,,,,,10.904311635037343,2.941866331692047,2.443207536793588,5.794819546750639,3.5068194410726394,1.2041000559260258,2.3718081495261076,7.332569840852465,2.6139227280755857,1.7434239779534222,4.330095930375228,1.6171080214603257,1.4993041056737262,2.4836734983180966,17.554596642359076,5.157990742693538,3.855392500763382,11.165239655334538,5.612487622283022,1.337863976669622,2.8960059586990896,22.00567510527017,8.452589022399568,12.398560527529208,19.26962726499619,14.065314999715632,0.6817395457829011,1.5541826183943508,2994,3.1396759133964816,0.21337274608833506,0.9565798263193053,0.8643954575818303,0.0841683366733467,0.024716098864395457,4,0,0.0,0.0,0.0,0.0,,,
subject_25_task_3,25,3,,3,30,145.0,175.0,0.1564945226917058,10.0,0.2916666666666667,eye,低,4.666666666666667,0,,,,,,11.797379113103668,3.0584351291268064,2.513029892095395,6.320633461311564,3.88049183889452,1.2170309389263356,2.515144559638064,7.073328221206314,2.9637024521930417,1.736169299157267,4.5331439585787825,1.7165717913589524,1.7070353989277525,2.6110034089297405,16.66653296454691,5.09843419508256,4.139111147555158,11.216394070976616,5.452093799764216,1.2317703036542142,2.709855732577219,21.35950655449172,8.824126177798815,12.47106471786058,20.320479641446394,14.202605181300841,0.7075679885744832,1.6294101667473655,2994,3.1728014208389714,0.22503470266997477,0.9655978623914495,0.8690714762859052,0.08283233132932531,0.023046092184368736,2,0,0.0,0.0,0.0,0.0,,,
subject_25_task_3,25,3,,3,31,150.0,180.0,0.16096579476861167,10.0,0.3,eye,低,4.666666666666667,0,,,,,,10.954042942062081,3.1717371974333695,2.3156294741932464,6.473014725654314,4.092809316734696,1.369708423899893,2.7953585829656444,6.371836031902014,2.83829071636177,1.6546006682436625,4.272732857002267,1.7140978271647895,1.7153931887230407,2.5823347826504377,17.205052154067353,4.999091848380651,3.70642581021921,11.276729972161137,5.473852342935237,1.3487635000267248,3.042480964024529,20.25192807687497,8.570024957224394,11.32939272724373,19.332319077856443,12.831657517578435,0.7564416878775948,1.7063861711994606,2994,3.161016188870152,0.23297756173555648,0.9659318637274549,0.8767535070140281,0.08183032732130928,0.02171008684034736,4,0,0.0,0.0,0.0,0.0,,,
subject_25_task_3,25,3,,3,32,155.0,185.0,0.16543706684551754,10.0,0.30833333333333335,eye,低,4.666666666666667,0,,,,,,10.368754801792283,3.217459873883719,2.4474576290843135,6.301206202414843,3.8313365808487583,1.3146131053094032,2.574592559860725,6.247754454314829,3.1002216841822903,1.6698180089815093,4.387890372389841,1.706005871494544,1.8566224986836997,2.627765630019882,17.262449730342105,5.178127361695509,3.901550060135997,11.263294226730952,5.4491995253286305,1.3271974681557757,2.8868767677271188,20.809665349581035,8.808564437180864,12.529110584256733,19.371862574821094,13.300631710745234,0.703047864247374,1.5461482636415165,2994,3.1069465186680123,0.23431302361116188,0.9742818971275885,0.8931195724782899,0.07314629258517034,0.01736806947227789,4,0,0.0,0.0,0.0,0.0,,,
subject_25_task_3,25,3,,3,33,160.0,190.0,0.16990833892242344,10.0,0.31666666666666665,eye,低,4.666666666666667,0,,,,,,11.575464978247924,3.3701990148596934,2.4948855348138435,6.75645314322681,4.253072699021316,1.350843142032631,2.7081214945321905,6.301226939946275,2.9641194519602188,1.6697803344395135,4.428424877055141,1.8071983017023916,1.7751553248201173,2.6521002707470545,16.650915833477505,4.959704192007073,3.7492185479485682,11.423226761018249,5.562633186450647,1.3228634523641831,3.046828723086471,21.805117486508127,8.085833805070356,12.00579066722261,19.863799948378634,13.144827985410549,0.6734944852191823,1.6545182653075423,2994,3.113106418918919,0.23682597529521993,0.9686038744154977,0.8921175684702739,0.07080828323313293,0.022044088176352707,4,0,0.0,0.0,0.0,0.0,,,
subject_25_task_3,25,3,,3,34,165.0,195.0,0.1743796109993293,10.0,0.325,eye,低,4.666666666666667,0,,,,,,11.16346134753696,3.1676289954516816,2.365112326683337,6.813354917844408,4.135128273032333,1.3393143994533807,2.880774346730062,6.771694925150574,3.0261567048435825,1.5366658575666652,4.555707102498268,1.8189082014089795,1.9693004109790984,2.9646699574052504,16.3509064119328,4.966491738679179,3.861036567055497,11.575632168021375,5.543877967043764,1.286310464152564,2.9980633353206447,19.21458165036162,7.798459945225271,12.063771393913031,20.016465494466463,13.566747960073705,0.6464363166861823,1.6592212203694519,2995,3.117930766632894,0.22289554183515292,0.9729549248747913,0.9031719532554258,0.06243739565943239,0.018697829716193656,4,0,0.0,0.0,0.0,0.0,,,
subject_25_task_3,25,3,,3,35,170.0,200.0,0.1788508830762352,10.0,0.3333333333333333,eye,低,4.666666666666667,0,,,,,,11.649185288496978,3.3465410697350535,2.0673299100290667,5.876549211728509,3.4657231280950813,1.6187745620572,2.8425793015522545,5.880266570822506,3.1468795420309057,1.495986906515484,4.1298307431752415,1.6309335798114095,2.103547516576031,2.7606062093114287,15.802131830808369,4.748324540492397,3.516428598632434,10.892264313695303,5.3179206285886425,1.35032587959814,3.097536039244871,18.56083702740017,7.74982348913133,10.618149716541035,18.417725060399338,12.205732078131769,0.7298657201130434,1.7345512685423963,2995,3.1252666892578786,0.21709433325330324,0.9732888146911519,0.8941569282136895,0.0674457429048414,0.018697829716193656,4,0,0.0,0.0,0.0,0.0,,,
subject_25_task_3,25,3,,3,36,175.0,205.0,0.18332215515314107,10.0,0.3416666666666667,eye,低,4.666666666666667,0,,,,,,10.458709374011773,3.0817325691150725,2.195315882283055,5.388311010915434,3.0706811097715803,1.4037763740451665,2.454458173605418,5.47833658318256,2.8588067744642394,1.6631992873968997,4.011999514036188,1.5156110571891768,1.7188600284567248,2.412218153553585,16.812797271462138,4.77231098983602,3.518777346735846,10.334560177549864,4.982299152102351,1.3562412507466552,2.936974738437657,17.853791463974158,8.051273280687195,11.39591254449977,17.508727068229167,12.160454845511097,0.706505358763317,1.5364041273447417,2995,3.114094205354117,0.21164238290329979,0.9739565943238732,0.8918196994991653,0.07078464106844741,0.018697829716193656,4,0,0.0,0.0,0.0,0.0,,,
subject_25_task_3,25,3,,3,37,180.0,210.0,0.18779342723004694,10.0,0.35,eye,低,4.666666666666667,0,,,,,,11.140305420722617,3.2536115808977493,2.2756436756259553,5.56939103629623,2.9683023662870065,1.4297544100364425,2.4473915208910166,5.222355245679684,2.88957767282114,1.7773070061863294,4.231495983009742,1.5107302981429438,1.6258179722261235,2.3808469601937303,16.170559594155453,4.883912327857119,3.8761689453120076,10.430614211522325,4.851769495791983,1.2599843806508786,2.690959645641226,19.37652948591759,8.86968736867396,11.36005582348522,17.11978468846675,11.992432610927862,0.7807785020155626,1.5070158945059189,2995,3.1095344886170575,0.2000629780597714,0.9722871452420702,0.8884808013355593,0.07011686143572621,0.02003338898163606,6,0,0.0,0.0,0.0,0.0,,,
subject_25_task_3,25,3,,3,38,185.0,215.0,0.19226469930695284,10.0,0.35833333333333334,eye,低,4.666666666666667,0,,,,,,10.128845260053478,3.074261558127489,2.1885252103990975,5.526040464407291,2.982743039935679,1.4047183662859746,2.525006537804318,4.947683800554125,2.72036534587514,1.703493346459954,4.129003656028732,1.4961172328000698,1.5969333555240222,2.4238448976682263,16.430987062962217,4.783966935552428,3.9548012325785082,10.291084154647557,4.735179827908248,1.2096605250710182,2.6021748121934887,18.907015349752335,8.623789202506899,11.101556599561505,16.935811832304665,12.10025640579156,0.776809010985678,1.5255348815654919,2995,3.135276387009472,0.18313518643781138,0.9769616026711185,0.887813021702838,0.07545909849749582,0.015692821368948246,6,0,0.0,0.0,0.0,0.0,,,
subject_25_task_3,25,3,,3,39,190.0,220.0,0.1967359713838587,10.0,0.36666666666666664,eye,低,4.666666666666667,0,,,,,,11.232950452354672,3.2319375215414423,2.4571390829157878,5.6111499788906976,3.0328729844769855,1.3153254302993027,2.283611057226835,4.761696172263981,2.853112057490802,1.9334786306652865,4.20486897630375,1.4980180404567862,1.475636716248103,2.174768787000716,16.405500185844865,5.2436011375280485,4.077607170867704,10.18433363781957,4.633396299726673,1.2859505385881063,2.4976250067885695,17.963153628440054,9.556956011897336,10.707654113659997,17.140352085021306,11.559281554580584,0.8925349951027378,1.6007569821624112,2995,3.1247445082798246,0.1882859150800504,0.9769616026711185,0.8771285475792988,0.08414023372287145,0.013689482470784642,6,0,0.0,0.0,0.0,0.0,,,
subject_25_task_3,25,3,,3,40,195.0,225.0,0.2012072434607646,10.0,0.375,eye,低,4.666666666666667,0,,,,,,10.919484998077847,3.0669311846880514,2.215427415685605,5.330194936561742,2.807526367996938,1.3843519146570336,2.405944288141895,5.097217952342005,2.837645126301629,1.8048592600615327,4.021002666405521,1.4150033205958819,1.5722251530043876,2.227876020797563,17.13052365354078,4.9312953333559975,3.8262915985897124,9.859406239590058,4.430588185510308,1.288792347967825,2.576752446996988,18.268063277987494,9.407113499726812,10.261649073314262,16.647863754299973,10.969917643945266,0.9167253170048764,1.622338050673869,2994,3.0901571139581927,0.18898006424735048,0.9749498997995992,0.8687374749498998,0.09285237140948564,0.011356045424181697,4,0,0.0,0.0,0.0,0.0,,,
subject_25_task_3,25,3,,3,41,200.0,230.0,0.20567851553767047,10.0,0.38333333333333336,eye,低,4.666666666666667,0,,,,,,10.685778284921524,2.9565311617422445,2.249720463792398,5.3720935241183625,2.855568976923097,1.3141771208136506,2.3878937897299997,5.025948877928573,2.893663884068563,1.8218829405868888,3.95286458555246,1.4274736839845985,1.5882820018812065,2.1696589267580006,17.416909252248605,5.080183977442305,3.9753886789268766,9.55243705086433,4.307425527596564,1.2779087499976627,2.4028938607942436,19.19470165568623,8.73442070149492,8.99594327621063,16.101995857119153,10.590667238801453,0.9709288323985662,1.7899174508692337,2994,3.066100134408602,0.16008293035667034,0.9792919171676687,0.8891115564462257,0.08249832999331998,0.008016032064128256,4,0,0.0,0.0,0.0,0.0,,,
subject_25_task_3,25,3,,3,42,205.0,235.0,0.21014978761457634,10.0,0.39166666666666666,eye,低,4.666666666666667,0,,,,,,9.728576580759057,2.997504909163838,2.0795776548939684,5.222560105338237,2.8516308993294235,1.4414008066059318,2.5113561366884953,5.135096725298004,2.7588826284693115,1.6742217603504497,3.804962075536665,1.4400695535471568,1.6478597362704326,2.2726750814301964,16.47283789000255,5.185412862532129,3.944289121233461,9.425549906559972,4.328651080818488,1.3146634800723083,2.3896701323995253,20.227431479769454,8.729506375999984,8.129702212997726,16.113113122392082,10.130810829145565,1.0737793522182515,1.9820053306049168,2994,3.0410702284946236,0.11685015661056752,0.9782899131596526,0.897127588510354,0.07548430193720775,0.008016032064128256,2,0,0.0,0.0,0.0,0.0,,,
subject_25_task_3,25,3,,3,43,210.0,240.0,0.21462105969148224,10.0,0.4,eye,低,4.666666666666667,0,,,,,,10.488589771423587,2.8061411355441988,2.060751988223424,4.755246658171786,2.4957257902188106,1.3617073532285537,2.307529816953513,5.096439720736329,2.856288902735317,1.6954887339515097,3.6278367151339506,1.3687439919413213,1.6846404494109755,2.1396996880533123,17.795997389089287,4.996965078598244,3.874568478309622,9.212999568379034,4.010594108060387,1.2896829947830204,2.3778130700114604,17.422027211994454,8.581584485261953,7.8111722714453835,16.38183270640849,9.774158783132577,1.0986295253828797,2.097231009267855,2994,3.03714644772118,0.1122144351275909,0.9832999331997327,0.9151636606546426,0.06613226452905811,0.00501002004008016,2,0,0.0,0.0,0.0,0.0,,,
subject_25_task_3,25,3,,3,44,215.0,245.0,0.2190923317683881,10.0,0.4083333333333333,eye,低,4.666666666666667,0,,,,,,10.194799303353475,2.796953605425527,2.181549899638659,5.077501228796549,2.700403576348264,1.2820947189375773,2.3274742556370405,5.806793434497109,2.8382878596478895,1.8010907043680022,3.845631560856829,1.469792087241667,1.5758716941709145,2.13516817977596,17.41690778587694,4.741161966480955,3.901920106462664,9.47447751538343,4.122767611516803,1.2150843269774472,2.428157742053986,19.230631751024557,8.129340352378001,7.894453378500683,15.692901735861176,9.611131736758557,1.029753418332547,1.9878389273408537,2995,3.024200335008375,0.10800763644631259,0.9833055091819699,0.9135225375626044,0.0667779632721202,0.005008347245409015,2,0,0.0,0.0,0.0,0.0,,,
subject_25_task_3,25,3,,3,45,220.0,250.0,0.22356360384529397,10.0,0.4166666666666667,eye,低,4.666666666666667,0,,,,,,8.887337869444229,2.7642247334599097,2.0787592830985457,5.010864770163339,2.680244406165797,1.3297473911166986,2.4105074651521323,5.526615807183272,2.857338281240953,1.7040546049287288,3.7875009554957324,1.4270760685011534,1.6767879814276607,2.2226406034999933,17.592039660254187,4.765488233146932,3.8113994424964526,9.191838458042666,3.956033264818881,1.2503250590878912,2.4116702005975124,20.966103406752254,7.898138069782775,7.513634837489948,14.931492725705368,9.63587249585841,1.051174064298988,1.987252914022832,2995,3.0428136894824704,0.1261347108324958,0.9919866444073456,0.9302170283806344,0.05976627712854758,0.000333889816360601,2,0,0.0,0.0,0.0,0.0,,,
subject_25_task_3,25,3,,3,46,225.0,255.0,0.22803487592219987,10.0,0.425,eye,低,4.666666666666667,0,,,,,,9.232925944047873,2.8977648827605647,2.20479359397643,5.216511652384202,2.9242181804785483,1.3143021145731535,2.365986397382452,5.834284220944852,2.726677836083674,1.809199314559228,3.880177361723059,1.4666276179781292,1.5071185436237962,2.1446931416002553,16.877894890964,4.699912124525973,3.895392228277068,9.302558700861027,3.926123679150371,1.2065311653108535,2.3880929456429985,24.524010745920748,7.961762643708291,7.851815949154506,15.082636796653025,9.580467571817161,1.0140027090886694,1.9209106395670346,2995,3.062519758874749,0.12126149787025346,0.9893155258764608,0.9335559265442404,0.054090150250417364,0.003005008347245409,4,2,84.23247232472295,0.11623616236162321,0.0038745387453874404,0.002807749077490765,0.9310027598896045,0.2510373613043032,2.9792580956761734
subject_25_task_3,25,3,,3,47,230.0,260.0,0.23250614799910574,10.0,0.43333333333333335,eye,低,4.666666666666667,0,,,,,,8.754419535333183,2.8504865152596777,2.1309278627739277,5.557011734484763,3.0267915604491793,1.33767386735892,2.6077897011731515,5.48152453592157,2.806032423285158,1.7586340027118066,4.027617995885209,1.4772133430151675,1.5955749854479484,2.290196817344961,16.652138226803615,4.500523164079602,3.566706505443429,9.070444325055854,3.885781830065775,1.261814830351475,2.543086825678744,21.154244619034586,8.509528042970675,8.025494259305482,14.967347060560007,9.141067969583409,1.0603120216681934,1.8649751126798844,2995,3.065157401205626,0.12453606773936766,0.989983305509182,0.9328881469115192,0.054757929883138566,0.003005008347245409,4,2,493.52534076361144,0.681037728744634,0.02270125762482113,0.01645084469212038,0.9310027598896045,0.2510373613043032,2.979258095676173
subject_25_task_3,25,3,,3,48,235.0,265.0,0.23697742007601164,10.0,0.44166666666666665,eye,低,4.666666666666667,0,,,,,,8.928098438990501,2.8784910097629623,2.301159856616014,5.734378568911018,3.1754487247015284,1.2508870261607756,2.491951418509337,5.989697149317724,2.726006437774899,1.8587469288524445,4.218209591529337,1.4963909135079885,1.4665828873529783,2.2693834895176295,16.792908062033142,4.539842508571448,3.6611968748889656,9.748140570960892,4.052858480561623,1.239988633145856,2.6625556898675455,22.824281054714856,8.464461938202271,8.80623656986031,15.008009474044906,9.319589368155468,0.96118947873513,1.704247819711136,2995,3.045402210314802,0.12722496982328846,0.9859766277128548,0.9245409015025041,0.05542570951585977,0.005008347245409015,4,2,902.8182092024999,1.2458392951276447,0.04152797650425482,0.030093940306749997,0.9310027598896045,0.2510373613043032,2.9792580956761734
subject_25_task_3,25,3,,3,49,240.0,270.0,0.2414486921529175,10.0,0.45,eye,低,4.666666666666667,0,,,,,,8.126626413825896,2.8183057235701776,1.941044267900766,5.561113429150282,3.2186477567694727,1.4519533480903903,2.865011128862409,5.585426659607151,2.809484840856056,1.6093340404937724,3.9317624512270886,1.4975537810843955,1.7457437487583722,2.443099041154162,16.881171365521094,4.307410032844084,3.3409108719066434,9.1719616539826,3.9449374273442395,1.2892921116407585,2.7453476029871458,21.088231490940046,8.388823509155392,7.941352275742765,14.953475647268723,8.884405391365705,1.056346981959162,1.882988580288123,2995,3.0405495646349627,0.1265771090845379,0.986644407345576,0.9215358931552587,0.05809682804674458,0.005008347245409015,4,2,1312.1110776413884,1.8106408615106555,0.06035469538368852,0.04373703592137961,0.9310027598896045,0.2510373613043032,2.9792580956761734
subject_25_task_3,25,3,,3,50,245.0,275.0,0.24591996422982337,10.0,0.4583333333333333,eye,低,4.666666666666667,0,,,,,,8.553604596365169,3.069506174353377,1.856035940597567,5.031957254766528,2.8682803828662884,1.6537967327104253,2.7111313658863985,5.374873797176793,2.83405550377587,1.6370459578360241,3.775062727298236,1.3159616214478778,1.7312009416779888,2.3060212263609325,15.861598880897983,4.567842009179439,3.3762932783929767,9.086613567356908,3.733633403242517,1.3529162405446031,2.6912986574678985,22.416898296818697,8.742984793405133,8.362669057033742,15.12247663985761,8.903553684668589,1.0454777934864603,1.8083313517157866,2994,3.0177534476959296,0.14607268821140348,0.9792919171676687,0.9131596526386105,0.05978623914495658,0.009018036072144289,4,2,1721.403946080277,2.3754424278936663,0.07918141426312221,0.05738013153600923,0.9310027598896043,0.2510373613043033,2.9792580956761734
subject_25_task_3,25,3,,3,51,250.0,280.0,0.25039123630672927,10.0,0.4666666666666667,eye,低,4.666666666666667,0,,,,,,8.984324899078644,2.7407572578379638,1.9593702535550723,5.730615874812849,3.219912648193324,1.3987949714277568,2.9247233208809034,5.54135508957766,2.766427360207867,1.712807858614345,4.281880650245713,1.5189340216111156,1.6151416787904604,2.499918848871781,16.364731737217493,4.214035247390944,3.3326281681573846,8.945335905866237,3.706538571496888,1.2644780739883414,2.6841686064281594,17.513500719913324,8.45483992553495,8.461251783737795,15.152206333640478,9.081857038330963,0.999242209265635,1.7907759656511397,2994,3.0208933153274815,0.14914170778002334,0.9736138944555778,0.9021376085504342,0.06245824983299933,0.012692050768203072,2,2,2130.6968145191654,2.9402439942766767,0.0980081331425559,0.07102322715063884,0.9310027598896043,0.25103736130430326,2.979258095676173
subject_25_task_3,25,3,,3,52,255.0,285.0,0.25486250838363517,10.0,0.475,eye,低,4.666666666666667,0,,,,,,8.978581178185333,3.039003180950297,2.0247061197766625,6.0452410044865745,3.504513285160694,1.5009601399760266,2.9857375079961734,5.566403087388853,2.9628708848572436,1.6938263417782125,4.505320074424746,1.6630584268165236,1.7492176215341906,2.659847685268002,14.840586205977957,4.504503524990878,3.509313986204981,9.052890611645475,3.6681110158203563,1.2835852085900437,2.579675300423999,17.462432273806346,8.785491974777969,8.769162743155412,14.745553893588058,9.168328112703827,1.0018621198055997,1.6815235759077904,2994,3.043687711006077,0.17153287507521883,0.9766199064796259,0.8977955911823647,0.0674682698730795,0.013026052104208416,2,2,2089.7675276752766,2.883763837638376,0.09612546125461253,0.06965891758917589,0.9310027598896043,0.2510373613043033,2.979258095676173
subject_25_task_3,25,3,,3,53,260.0,290.0,0.259333780460541,10.0,0.48333333333333334,eye,低,4.666666666666667,0,,,,,,8.354189175092843,2.783245221939624,1.9316298374175898,5.963233678463239,3.2530668270732965,1.4408791829704624,3.087151359411351,5.066747918220565,2.798048192581143,1.5894830100022614,4.3224422485467775,1.5503521907089253,1.7603511172964108,2.7194013533624544,14.130926781491898,4.292312158812711,3.3695276689117026,8.805072721752566,3.4731003249186783,1.2738616745649254,2.6131474755322155,16.900884047128688,8.683808955278197,8.802830389838652,15.358266303634183,9.069628777414055,0.9864791857516823,1.744696378719582,2994,3.083519322033899,0.20337732714978513,0.9652638610554443,0.8760855043420174,0.07748830995323981,0.017702070808283232,4,2,1825.279198142789,2.375207965140159,0.0791735988380053,0.06084263993809297,0.9364765052487616,0.23655444002139034,2.991891204382858
subject_25_task_3,25,3,,3,54,265.0,295.0,0.2638050525374469,10.0,0.49166666666666664,eye,低,4.666666666666667,0,,,,,,8.510031849276965,2.94991772152086,2.0167259048152544,6.411307181808006,3.6351470105797623,1.462726151569463,3.1790672031831337,5.31524962375328,2.7898920122288033,1.5861449838050332,4.738930498924506,1.7403047794204305,1.7589136180578389,2.9877032347674777,13.498918556284513,4.400112146604827,3.466336427013605,8.634628709228938,3.3836262742971717,1.269384042562686,2.4909955773300503,16.535246881063006,8.10614467512971,8.07399265712606,14.794618529133734,9.133605702661608,1.0039821708253938,1.83237948774651,2994,3.1153084745762714,0.20696141318455996,0.9625918503674015,0.8784235136940548,0.07915831663326653,0.01569806279225117,4,2,1953.4938980275956,2.0191877420563107,0.06730625806854369,0.06511646326758652,0.9551019661068945,0.18320950428984595,3.0348777622685423
subject_25_task_3,25,3,,3,55,270.0,300.0,0.2682763246143528,10.0,0.5,eye,低,4.666666666666667,0,,,,,,8.696539330335225,2.737190479681481,2.130219012409611,6.71625347749087,3.583117313428728,1.2849338325007673,3.152846462436619,5.2954964204150885,2.71350322415797,1.7201879191563938,4.880377633425427,1.6750065540754722,1.5774458092280483,2.8371188863010026,14.610437868809008,4.3102946855761815,3.5771704632578256,8.50090757916057,3.2633678370014,1.2049452856240683,2.376433459483103,16.460556076854115,7.92732351069581,8.362934570193586,14.018626422229275,8.86113723117885,0.9479116982392352,1.6762807725643571,2995,3.137380548966452,0.20034839286409054,0.9599332220367279,0.8854757929883138,0.07412353923205342,0.015692821368948246,4,2,2081.7085979124013,1.6631675189724628,0.0554389172990821,0.06939028659708005,0.97143310212385,0.12972471748263872,3.0725691423143315
subject_25_task_3,25,3,,3,56,275.0,305.0,0.27274759669125864,10.0,0.5083333333333333,eye,低,4.666666666666667,0,,,,,,8.18750539993642,3.1163681673891577,2.2012180807661994,6.482793428103648,3.583532994276995,1.4157471241124882,2.945093666433595,4.847348415423812,2.7437316203269364,1.8041015216974499,4.736903646617397,1.5824925962771046,1.5208299462800763,2.625630314950636,14.419686667365408,4.35662198585322,3.612948414106177,8.069229638288139,3.16968362725881,1.2058356462670456,2.2334195547279685,13.869579527487167,7.5795985493751665,7.699507825336518,13.686517117358813,8.558676890259315,0.9844263713108038,1.7775833764751872,2995,3.1861912660798923,0.16936590866374412,0.9619365609348914,0.8898163606010017,0.07111853088480802,0.014691151919866445,4,2,2209.9232977972074,1.307147295888615,0.0435715765296205,0.07366410992657357,0.9858692477533298,0.07421899175389568,3.1058869868753067
subject_25_task_3,25,3,,3,57,280.0,310.0,0.27721886876816454,10.0,0.5166666666666667,eye,低,4.666666666666667,0,,,,,,9.227836448569839,3.550126026682205,2.2485659390739556,6.7048242894783145,3.9588427465105402,1.5788400797996083,2.981822401988182,4.9604768353107636,3.052884339906871,1.8167475967463502,4.715869251918542,1.7240118958481716,1.6804119324964804,2.595775692982496,15.837008443973279,4.71378664377688,3.789234897666592,8.241012808764113,3.2563283669104157,1.2439943078428908,2.1748487574203756,14.79295726476051,7.806395951226404,7.548407503649151,13.976608045196569,8.154785653521335,1.034177864331322,1.8515969147717333,2995,3.1681032040472172,0.16913225229102302,0.9652754590984975,0.8984974958263773,0.0687813021702838,0.012353923205342237,4,2,2338.1379976820135,0.9511270728047669,0.0317042357601589,0.07793793325606711,0.9987221454468778,0.009790836655380369,3.1355507806955396
subject_25_task_3,25,3,,3,58,285.0,315.0,0.28169014084507044,10.0,0.525,eye,低,4.666666666666667,0,,,,,,9.529241994134885,3.7512582400001744,2.1852729114228606,7.638343959810413,5.333370961220492,1.71660858485528,3.495373012626137,5.068834767112697,2.914478225382608,1.8163960738534464,5.083755452373974,2.0716497208539844,1.6045389369288843,2.798814380604167,15.925661911165935,4.852542304088033,3.6084633385622724,8.452312367841902,3.5136526594909934,1.3447669683188306,2.342357833462034,14.553799096500654,7.557164271341733,7.12245581248801,14.242263879936994,8.40782478932247,1.0610335073039747,1.9996282539184893,2995,3.1498204438466706,0.1572742768406191,0.9702838063439065,0.915525876460768,0.05676126878130217,0.009015025041736227,2,1,2832.342380524874,1.1001524103806075,0.03667174701268692,0.09441141268416246,1.0,-1.000088900581841e-12,3.1385
subject_25_task_3,25,3,,3,59,290.0,320.0,0.2861614129219763,10.0,0.5333333333333333,eye,低,4.666666666666667,0,,,,,,11.112725539994697,3.9563839920306076,2.356182883233172,9.45681003066914,6.789870893886249,1.6791497893413212,4.013614604352117,5.886551611043715,3.0148237147935237,1.9272380925147443,5.645330679624704,2.6166672157998234,1.564323435958891,2.929233653875339,16.956134502193137,4.9846087018624194,3.776869836363537,8.732739607154446,3.7181426602806926,1.3197724353301312,2.3121632424490812,14.89012191573564,7.201539981356222,6.807346661622563,14.091457349228392,8.601804463535426,1.057907043570439,2.0700366897239264,2995,3.1042849966510384,0.13638961393705712,0.9816360601001669,0.9368948247078465,0.04574290484140234,0.004340567612687813,2,1,3225.0454099421677,1.2526880597949768,0.041756268659832556,0.10750151366473892,1.0,-1.000088900581841e-12,3.1384999999999996
subject_25_task_3,25,3,,3,60,295.0,325.0,0.2906326849988822,10.0,0.5416666666666666,eye,低,4.666666666666667,0,,,,,,12.062481893551201,4.195075270437165,2.4152261169434914,9.774986013006957,7.1031342338114625,1.7369285803128456,4.047234312527791,6.183582012254334,3.0566396774525373,1.9203234631987083,5.703014794441977,2.539904961211366,1.5917316723095452,2.969819878648147,15.360221868765546,5.158379248573319,3.660363598556611,8.739406812883558,3.7083044384917816,1.409253236647698,2.3875788777731706,15.181665461908308,7.2215646968412415,7.209485737495965,14.677372733048552,8.69893932171034,1.0016754259298213,2.0358418432971854,2995,3.1084531145344942,0.14221752505996763,0.9609348914858097,0.9402337228714525,0.04574290484140234,0.004340567612687813,2,1,3225.0454099421677,1.2526880597949768,0.041756268659832556,0.10750151366473892,1.0,-1.000088900581841e-12,3.1384999999999996
subject_25_task_3,25,3,,3,61,300.0,330.0,0.29510395707578807,10.0,0.55,eye,低,4.666666666666667,0,,,,,,12.01848381095663,3.996530968863977,2.27364586893132,9.771016004836948,7.277440502989082,1.7577631694871036,4.297510064498132,6.583132705549281,3.007173995110166,1.713240511485056,5.580743031369088,2.661210533850908,1.755255012329538,3.2574194889494166,14.861088884140603,5.134144521011711,3.468094665657025,8.718917286519098,3.7977594335594462,1.4803934194336807,2.514036705185299,17.634573264841933,7.313561961927266,7.374687894165986,14.740357982850322,8.706283651567892,0.9917113872321192,1.998777194965934,2994,3.119554438860972,0.14739326738128666,0.9549098196392786,0.9265197060788243,0.05678022712090848,0.004342017368069473,2,1,3225.0454099421677,1.2526880597949768,0.041756268659832556,0.10750151366473892,1.0,-1.000088900581841e-12,3.1384999999999996
subject_25_task_3,25,3,,3,62,305.0,335.0,0.29957522915269397,10.0,0.5583333333333333,eye,低,4.666666666666667,0,,,,,,11.48638648031977,3.6073043207409055,2.380736382616479,10.224501552096191,7.661117622232189,1.5152052730745444,4.29468026227215,6.263229482895127,2.807609442298466,1.6344550991061668,5.6934683238531925,2.674790595129453,1.7177648035934798,3.4834045468528165,13.80943548996881,4.949897984065927,3.4548984253971122,8.860996052210746,3.9774256298453325,1.4327188167614442,2.5647631163547877,21.214277281036402,7.317968841917661,8.387777954944534,15.65355903090535,8.96972376284558,0.872456195338811,1.86623431318633,2994,3.109246897014425,0.1360062477391869,0.9395457581830328,0.905811623246493,0.07381429525718103,0.0056780227120908485,2,1,3225.0454099421677,1.2526880597949768,0.041756268659832556,0.10750151366473892,1.0,-1.000088900581841e-12,3.1384999999999996
subject_25_task_3,25,3,,3,63,310.0,340.0,0.3040465012295998,10.0,0.5666666666666667,eye,低,4.666666666666667,0,,,,,,10.976427986338491,3.173745836531543,2.612835946018976,9.854290233471387,6.905215056399117,1.2146747450283637,3.771492139981382,6.960566751583159,2.529348124952823,1.8526932164007046,5.4037012045183905,2.4264326761569133,1.3652277142066083,2.9166734981716833,13.567985200741767,4.712220903845619,3.49239437202215,8.784006417322408,3.8298497768168778,1.3492808663293003,2.5151817010392024,23.04567771332307,7.834359572235044,8.71625349482443,15.062743112587837,9.065493827543278,0.8988219051782924,1.7281212761345053,2994,3.143964924114671,0.15870254808687598,0.9355377421509686,0.8954575818303273,0.07548430193720775,0.01002004008016032,2,1,2854.1651877988193,1.1086289329185548,0.03695429776395183,0.09513883959329397,1.0,-1.000088900581841e-12,3.1385
subject_25_task_3,25,3,,3,64,315.0,345.0,0.3085177733065057,10.0,0.575,eye,低,4.666666666666667,0,,,,,,9.992117373231828,3.138941652482448,2.468148647815354,8.43236731947829,5.563057719709127,1.2717798238209181,3.4164746628782177,6.474365711797379,2.6577468754268927,1.73497130983534,4.871496573100376,2.0054144321452876,1.531867910645237,2.8078254352014107,12.3592957566058,4.748605311614134,3.4131183948263644,8.319484509548653,3.605763177518637,1.3912805716942351,2.4375024675848933,20.86350403112517,8.970458301141463,9.426505327090938,15.180477821350246,8.925744232484362,0.951620774600441,1.6104035689369318,2994,3.1637440134907253,0.17704925158055876,0.9288577154308617,0.8694054776219104,0.09619238476953908,0.01002004008016032,4,2,2554.4318356114354,1.1605649318741187,0.03868549772913729,0.08514772785371451,0.906916985287495,0.3096133525973516,3.135027072721077
subject_25_task_3,25,3,,3,65,320.0,350.0,0.3129890453834116,10.0,0.5833333333333334,eye,低,4.666666666666667,0,,,,,,8.293907999409535,3.1106948548662228,2.481205108152161,7.509447818944691,4.977246861593713,1.2537032285826883,3.0265324677399343,6.2243472117373955,2.623732937499762,1.901825620855929,4.621996071032673,1.7812635798863665,1.3795864924350605,2.4302943552482557,12.521740360779722,4.639602134574618,3.470360995060423,7.968090388784569,3.3462463124882214,1.336922049659516,2.296040786571207,21.70487457564781,9.543067721202995,8.731276154740378,15.416505909409375,8.704344623148822,1.0929751335401159,1.7656646790445927,2995,3.1785205664194196,0.16823757618004687,0.915525876460768,0.8651085141903172,0.1001669449081803,0.01001669449081803,4,2,2371.7052522717913,1.3407978264960636,0.04469326088320212,0.07905684174239304,0.7501564747336252,0.5621631742509177,3.1291783380723115
subject_25_task_3,25,3,,3,66,325.0,355.0,0.31746031746031744,10.0,0.5916666666666667,eye,低,4.666666666666667,0,,,,,,7.560137930531811,2.979285378159248,2.329612167994555,7.24403728412852,4.923054030299744,1.2788761232836294,3.109546465995902,6.067726389784391,2.636749722037863,1.8155634228097417,4.4426753187859225,1.797280073924612,1.4523038352233733,2.4469953860992075,13.253528489964658,4.393145610522423,3.29522477591445,7.968332160135102,3.3217785084071907,1.33318541503843,2.4181452562439625,18.159774814635096,8.888312001377663,8.423175371972638,14.665455079870052,8.221070896785735,1.0552210548711505,1.7410839062745909,2995,3.1764981336952833,0.1615085270950669,0.9292153589315526,0.864440734557596,0.09549248747913189,0.016360601001669448,4,2,2153.6424828277363,1.4822849030210672,0.04940949676736891,0.07178808276092455,0.5765313847252201,0.6813869006683395,3.1227003859640985
subject_25_task_3,25,3,,3,67,330.0,360.0,0.32193158953722334,10.0,0.6,eye,低,4.666666666666667,0,,,,,,7.421822254038665,3.1122954430180894,2.3580418383245547,7.236265651868049,4.6411464816642,1.319864385964182,3.0687605004538803,5.67557006064051,2.744531482469949,1.8615042885033637,4.4935578970254735,1.7430212856398102,1.4743621593676441,2.413939051753817,13.906269865245296,4.513798478698055,3.260990356768207,7.928361695436923,3.2373992853368923,1.384180259634818,2.4312741922040817,16.40035679502185,8.988538492815573,7.5189235477655245,14.188412657637082,8.251297825749882,1.1954554978134855,1.8870271213029688,2995,3.1883020020359685,0.1806373543151985,0.9365609348914858,0.8637729549248748,0.09415692821368948,0.016360601001669448,4,2,1616.1349145040417,1.2735035597219044,0.04245011865739681,0.05387116381680139,0.5643093233214842,0.6848528449379166,3.1174456191468756
subject_25_task_3,25,3,,3,68,335.0,365.0,0.32640286161412924,10.0,0.6083333333333333,eye,低,4.666666666666667,0,,,,,,7.766818814891754,3.3195740244764886,2.2892060455315035,6.867811666840353,4.386994888562746,1.4500984002537685,3.0000845403349428,5.791698695065517,2.6974015808158676,1.8130554861563788,4.49440764668462,1.6226207772556833,1.4877655986879226,2.478913459075996,16.381952019489397,4.550893919110644,3.075750639864641,7.757288379695482,3.010950121998584,1.479604315163508,2.5220797418209653,14.505417557222584,8.609934101454812,6.954380311109387,13.886428973719854,7.752068791814762,1.238059139173153,1.996788837035092,2995,3.199679769569637,0.18912434828076696,0.9535893155258764,0.8814691151919867,0.08113522537562605,0.015025041736227046,6,2,1078.627346180347,1.0647222164227417,0.03549074054742472,0.03595424487267824,0.8455190786971886,0.43040359466068534,3.106953683173808
subject_25_task_3,25,3,,3,69,340.0,370.0,0.3308741336910351,10.0,0.6166666666666667,eye,低,4.666666666666667,0,,,,,,8.278778506002194,3.355562939601008,2.0302290894074044,6.597136093861823,4.008441164640137,1.6528001480761219,3.2494540287507334,5.277260509999393,2.8269258820520062,1.5566092153970097,4.309596459563548,1.5817359017134278,1.816079369240407,2.7685795618680022,15.303228515031039,4.36705187003882,3.048231180468145,7.6838103018397765,2.911720379992549,1.4326511381489548,2.5207439485149887,15.752796924257083,8.818126817027299,7.352973761323436,14.514468750802815,7.977742025425855,1.1992599325473663,1.9739590024309304,2995,3.1945082574991575,0.17967135423301506,0.9602671118530884,0.896160267111853,0.07646076794657763,0.009348914858096828,4,1,912.0000000000006,1.0000000000000007,0.033333333333333354,0.030400000000000017,1.0,-1.000088900581841e-12,3.1011900000000003
subject_25_task_3,25,3,,3,70,345.0,375.0,0.335345405767941,10.0,0.625,eye,低,4.666666666666667,1,84.0,,84.0,84.0,,8.788854842790336,3.3933125377263305,2.0869659136750993,6.918746870359536,4.3909541063880155,1.6259549403712035,3.3152179558964527,5.2362745574060945,2.6035190900901726,1.6060130467860783,4.525649818709703,1.6943008682374578,1.6211070609297251,2.8179408802228254,17.388163655359193,4.294291266634089,2.9388945486474762,7.794628389756522,3.0768394014986953,1.46119270206901,2.6522313954216994,15.247770558187588,7.46990248042501,6.8585389439797195,13.47549240745318,8.099962013088339,1.0891390340477591,1.9647759555672832,2995,3.160925625422583,0.18742854676175089,0.9629382303839733,0.9065108514190318,0.06544240400667779,0.012353923205342237,6,2,1034.3768630003824,1.1385632332848443,0.037952107776161474,0.034479228766679415,0.8297692648478301,0.45625188438520936,3.063491654839722
subject_25_task_3,25,3,,3,71,350.0,380.0,0.33981667784484687,10.0,0.6333333333333333,eye,低,4.666666666666667,1,84.0,,84.0,84.0,,9.940936198594594,3.1392325300117268,2.0598987317782598,6.980095461462974,4.251092435745137,1.5239742039656992,3.3885624345412504,4.943684257394607,2.5213988131951686,1.4810652244133014,4.597044718370848,1.6774406639125854,1.7024225345605408,3.1038772922319393,16.33211480856818,4.4369134207119325,3.044558313314598,8.414983669151422,3.322973790618573,1.4573258135041214,2.763942353263736,15.95284905654207,7.562937024322143,6.970423832833885,14.095663808375356,8.007688301748303,1.0850038972805713,2.022210434604899,2994,3.1834588994565216,0.20314579428727275,0.9612558450233801,0.8841015364061456,0.07682030728122913,0.020708082832331328,6,2,1106.51749861459,1.2228545614371933,0.04076181871457311,0.03688391662048634,0.6522328034277406,0.6460534784088832,3.0241754244588432
subject_25_task_3,25,3,,3,72,355.0,385.0,0.3442879499217527,10.0,0.6416666666666667,eye,低,4.666666666666667,1,84.0,,84.0,84.0,,9.330418919801703,3.278761361098071,2.049174190923269,6.9197849466182975,4.095673844596039,1.6000403360637698,3.3768651670849623,5.0423986863540575,2.441555412201226,1.5007133989436472,4.56338556414508,1.6353271756677987,1.6269298414472997,3.0408108352715777,16.069830782480793,4.389878952498584,3.0486664586771135,8.331198352188654,3.299378591081487,1.4399341521943512,2.73273526806332,16.328422762465262,7.615565257657178,6.932789795281359,13.533097118400212,8.246640705860587,1.0984849508693506,1.9520420376240455,2994,3.187371920350996,0.23208399296796803,0.9706078824315297,0.8824315297261189,0.07982631930527723,0.017702070808283232,4,2,1213.9943203332086,1.345891707686484,0.0448630569228828,0.04046647734444029,0.5110864745011087,0.6929013405777922,2.992917949002217
subject_25_task_3,25,3,,3,73,360.0,390.0,0.3487592219986586,10.0,0.65,eye,低,4.666666666666667,1,84.0,,84.0,84.0,,9.882738473023428,3.223834398325477,2.0345873117912516,6.740096959918957,4.088660183195582,1.5845151395774761,3.3127587697305416,5.138834235188366,2.540795304561826,1.4986210102675301,4.639298519711571,1.6991258298158494,1.695422182896161,3.095711649527304,13.989706996244495,4.328412198576087,3.1779077998701193,8.50219433095562,3.465295862451306,1.3620320258356737,2.6754062315159373,17.394918694768304,7.800145468384394,7.294481578874769,14.590189604145172,8.537266694154786,1.0693214293629936,2.0001681334557326,2994,3.153256496793791,0.23550907340007066,0.9649298597194389,0.887441549766199,0.07515030060120241,0.020374081496325986,4,2,1640.915940931467,1.8191972737599411,0.06063990912533137,0.0546971980310489,0.5110864745011087,0.6929013405777922,2.9929179490022166
subject_25_task_3,25,3,,3,74,365.0,395.0,0.3532304940755645,10.0,0.6583333333333333,eye,低,4.666666666666667,1,84.0,,84.0,84.0,,9.71377440995807,3.3785564574044624,2.065139225059052,6.892577120277949,4.075116321538555,1.635994521051167,3.3375847190548895,5.38583155812448,2.6476826509923246,1.4292061957611715,4.728727438407746,1.6338012744827386,1.8525546970374087,3.3086390560245955,13.655550961282826,4.440826680284417,3.2360312985244644,8.668513713162342,3.4911647686060805,1.372306467588649,2.678748415417036,16.09922510312188,7.6778362334963886,6.520735300069653,13.680320900290091,8.116119732751875,1.1774494562621451,2.0979721259570163,2994,3.1698096523793446,0.24254072285506903,0.9629258517034068,0.8847695390781564,0.0758183032732131,0.020374081496325986,2,2,1804.0000000000036,2.000000000000004,0.0666666666666668,0.060133333333333455,0.5110864745011087,0.6929013405777922,2.992917949002217
subject_25_task_3,25,3,,3,75,370.0,400.0,0.3577017661524704,10.0,0.6666666666666666,eye,低,4.666666666666667,1,84.0,,84.0,84.0,,9.699233883033417,3.290784280420652,2.065676234673637,6.63490633420709,4.065307627616346,1.5930784433604979,3.2119778612137453,5.018951049999283,2.6180307876723883,1.4955229547736948,4.569858225870756,1.6730632805115926,1.750578805437696,3.0556924661596216,12.572923447854562,4.275116699524515,3.2163347345430386,8.952060001392642,3.583473167045744,1.3291889844705183,2.783311048209199,15.461653796573678,7.105810936591877,6.309365092432725,13.62915344214646,8.321130642208992,1.1262323280537985,2.1601465824973234,2994,3.188989847715736,0.25844621504594456,0.958249832999332,0.8714094856379425,0.08583834335337341,0.023046092184368736,4,2,1804.0000000000036,2.000000000000004,0.0666666666666668,0.060133333333333455,0.5110864745011087,0.6929013405777922,2.992917949002217
subject_25_task_3,25,3,,3,76,375.0,405.0,0.36217303822937624,10.0,0.675,eye,低,4.666666666666667,0,,,,,,10.545558620458799,3.4131778219027367,2.015045168401747,6.433275432850816,3.8354529348631092,1.6938468057318699,3.192620956458972,5.331770263010774,2.751277532403346,1.4726967214922295,4.365104797113891,1.5749633537768257,1.8681901658717468,2.9640215350590924,13.234354367027239,4.347795319405961,3.1744100657516086,8.484724502330328,3.385741142545344,1.3696388397686512,2.6728508058461538,16.294019160856493,7.350809618155918,5.898920688962186,13.129945112545416,8.058832862261,1.2461278945333925,2.225821604469716,2995,3.231568421052631,0.24545958064002069,0.9515859766277128,0.866110183639399,0.08781302170283806,0.02671118530884808,4,2,1443.8489208633114,1.600719424460434,0.05335731414868113,0.04812829736211038,0.5110864745011087,0.6929013405777922,2.9929179490022175
subject_25_task_3,25,3,,3,77,380.0,410.0,0.36664431030628214,10.0,0.6833333333333333,eye,低,4.666666666666667,0,,,,,,10.808498801561182,3.432670690368824,2.2779387493185754,6.978907413961042,4.222279244695191,1.5069196620829584,3.0636940593985322,5.235374603133261,2.67406406974364,1.6455955025831959,4.890191452414361,1.8325394777984059,1.6249826069322575,2.971684988648739,13.5269379926382,4.290977420906439,3.317628979187962,8.687920795594053,3.5817662872247267,1.2933867674247042,2.6187138013607987,14.779586307594109,7.228360104792247,6.917241706382157,13.738516773880738,8.404753415235085,1.0449772339345955,1.9861264586439082,2995,3.2331142663962136,0.23711164919211233,0.9646076794657763,0.8888146911519199,0.07579298831385643,0.02036727879799666,4,2,1016.9273002650532,1.127413858386977,0.03758046194623257,0.03389757667550177,0.5110864745011087,0.6929013405777922,2.992917949002217
subject_25_task_3,25,3,,3,78,385.0,415.0,0.37111558238318804,10.0,0.6916666666666667,eye,低,4.666666666666667,0,,,,,,11.118847725849966,3.1630304572888637,2.219590793798536,7.066276456302004,4.271665464170578,1.4250511698490853,3.18359423549825,5.402182997146579,2.7567767433348274,1.5883794139262422,4.740917058839192,1.89106073305556,1.7355908287179809,2.984751009282056,14.301802910849137,4.270790033547007,3.2893005454754807,8.63919102641836,3.588906006209765,1.2983885098069226,2.6264523131830546,15.013482068729969,7.095969227765309,6.739417641167715,13.631890988584141,8.136343981107254,1.0529054000778346,2.0227105240241783,2995,3.2259447270261106,0.2091799926664157,0.9666110183639399,0.8908180300500834,0.07545909849749582,0.02003338898163606,4,2,590.005679666795,0.65410829231352,0.021803609743783998,0.019666855988893166,0.5110864745011087,0.6929013405777922,2.992917949002217
subject_25_task_3,25,3,,3,79,390.0,420.0,0.3755868544600939,10.0,0.7,eye,低,4.666666666666667,0,,,,,,10.64880229148973,3.1454264465152133,2.1894959420014266,6.824330969461472,4.10886169058899,1.4365984362775146,3.1168502478352735,5.005819821223011,2.6340290899268024,1.613526845276655,4.6370928753678236,1.8378103830384749,1.6324668521242809,2.873886411584772,13.667233154950804,4.384930865523701,3.127290002789673,8.656804167021981,3.7326676380145427,1.402150379917488,2.7681488315121885,15.106926576498324,6.905220867624344,7.247024064928424,13.425603397943675,8.423382910713967,0.9528353715619329,1.852567795782016,2995,3.2578181818181817,0.1892422784565131,0.9616026711185309,0.8654424040066778,0.09248747913188647,0.021368948247078464,4,2,163.08405906853676,0.18080272624006294,0.006026757541335431,0.005436135302284558,0.5110864745011087,0.6929013405777922,2.992917949002217
subject_25_task_3,25,3,,3,80,395.0,425.0,0.3800581265369998,10.0,0.7083333333333334,eye,低,4.666666666666667,0,,,,,,10.813510974552786,3.0262255463273724,2.0380272869850895,7.076318172410911,4.228703488010871,1.4848797980542017,3.4721410344211363,5.329445581998669,2.583960686152476,1.5836910246812803,4.6602849928545345,1.9908452893406385,1.6316065734302567,2.942673109985215,13.43955998687179,4.248239227171024,3.1369791011884063,8.847337516467993,4.452561463850856,1.3542453073919525,2.820336773399698,15.376499278014194,6.870557803267938,6.945181689519487,13.953214518528101,8.553344071202536,0.9892553010723739,2.0090496033507623,2995,3.263195622435021,0.17924277386326856,0.9485809682804675,0.8540901502504173,0.09616026711185309,0.027045075125208682,2,0,0.0,0.0,0.0,0.0,,,
subject_25_task_3,25,3,,3,81,400.0,430.0,0.38452939861390567,10.0,0.7166666666666667,eye,低,4.666666666666667,0,,,,,,10.629960607539427,2.9077836054225012,2.2182920670584796,7.549792065526777,4.730391966475391,1.31082090072941,3.4034256253451884,5.322588169193103,2.6251696075365207,1.611813080755481,4.811629505725898,2.060853019227366,1.6287059826478543,2.9852279790846565,13.693663547891727,4.43334050201917,3.154505623799913,9.047992499159937,4.466224082799647,1.4053994605591396,2.8682759133143465,14.269549002664633,7.597804245242787,7.2928504442389785,14.764514188718195,9.165867725334047,1.0418154469689842,2.0245189863150825,2995,3.2689664613278575,0.169799134925863,0.9472454090150251,0.8514190317195326,0.09549248747913189,0.027712854757929884,0,0,0.0,0.0,,,,,
subject_25_task_3,25,3,,3,82,405.0,435.0,0.3890006706908115,10.0,0.725,eye,低,4.666666666666667,0,,,,,,10.127901290756688,3.0906517408382594,2.1578935395204906,8.042780899102297,5.471998533746819,1.432254040449576,3.7271444359064616,5.475563492676823,2.684347712230647,1.6145720794616374,5.150940813851425,2.3224698377057247,1.6625753327319495,3.1902823536803346,13.380333071065007,4.4625575000344195,3.14032902394673,9.196233472044948,5.112727566404471,1.421047752004638,2.928429919896491,14.713164066992007,7.362894916113411,7.403671221592933,15.594885465629865,9.726516342484912,0.9944924208194716,2.1063719604602533,2994,3.2671659254190897,0.18455147408417877,0.9422177688710754,0.8413493653974616,0.09853039412157649,0.03072812291249165,0,0,0.0,0.0,,,,,
subject_25_task_3,25,3,,3,83,410.0,440.0,0.3934719427677174,10.0,0.7333333333333333,eye,低,4.666666666666667,0,,,,,,10.029898110063655,3.1612198459879934,2.2039503071387614,8.491138010765237,5.789687022402131,1.4343426145991423,3.8526903184984707,5.772342447279624,2.667312925210307,1.6341149778298292,5.483934348645559,2.605319560736801,1.6322675952414354,3.3559048310838238,14.045940064434177,4.526178822114459,3.1498987273391648,9.438679166607752,5.2356940606378055,1.4369283630708625,2.9965024223432577,15.474843414428827,7.878304447693499,7.184947091039984,15.373231122730767,11.127367133679916,1.0965013865611022,2.139644304674423,2994,3.2620345535408823,0.19159581600647846,0.9338677354709419,0.8346693386773547,0.10053440213760854,0.032732130928523714,0,0,0.0,0.0,,,,,
subject_25_task_3,25,3,,3,84,415.0,445.0,0.3979432148446233,10.0,0.7416666666666667,eye,低,4.666666666666667,0,,,,,,9.305763693038308,3.268359492629137,2.248059110013618,8.705269202943917,6.0809141518256355,1.4538583429905179,3.8723488916139686,5.431311224139964,2.7813279573639593,1.7292426307307773,5.508568343985303,2.574362445866614,1.6084081596973878,3.185538134493818,14.296670937677913,4.507721659157035,3.1391052292274826,9.44037872266952,5.39371563187858,1.4359893440929221,3.007347009196231,16.154225240942022,7.420831133969834,7.143099211587871,16.20917317457629,10.980590118366115,1.038881151465937,2.26920734186094,2994,3.2716106529209616,0.19335430306611584,0.9248496993987976,0.8236472945891784,0.10354041416165664,0.038744154976619906,3,0,0.0,0.0,0.0,0.0,,,
subject_25_task_3,25,3,,3,85,420.0,450.0,0.4024144869215292,10.0,0.75,eye,低,4.666666666666667,0,,,,,,9.71340695906585,3.2872647233639842,2.2907825019323753,9.005770564776252,6.189807247253858,1.434996434882418,3.9313075585218114,5.402357464674743,2.7717611117202257,1.8346307650966651,5.530573082662958,2.6045547365485184,1.5108005188031304,3.014542864908055,15.19522895321583,4.390554966527929,3.2547445526835403,9.40633342586581,4.986990899096826,1.348970678177466,2.8900373819230385,15.046521346847307,7.812725897185445,7.345843535966719,15.026650368895487,11.120643661243937,1.0635573517095451,2.0455990241722413,2994,3.283131416837783,0.18521798323388144,0.9345357381429525,0.8390113560454242,0.09485637942551771,0.03473613894455578,3,0,0.0,0.0,0.0,0.0,,,
subject_25_task_3,25,3,,3,86,425.0,455.0,0.40688575899843504,10.0,0.7583333333333333,eye,低,4.666666666666667,0,,,,,,8.067488749825996,3.275001651206351,2.3683375169865197,9.340438764416053,6.56445149447212,1.3828272481084005,3.943879914675699,4.57952095531293,2.950179500608615,1.837928334014899,5.538383075435967,2.5760591568671867,1.6051656890037909,3.0133835868004364,14.561948314772613,4.511926393160612,3.3038580937871314,9.127131477385543,4.6366965236629305,1.3656538099034097,2.7625676461555697,14.264604656039927,8.12725298530392,7.305917204212151,15.207586877422445,10.65419058605889,1.1124206253827016,2.081543829795206,2995,3.3007833049403743,0.1916247257232246,0.9462437395659432,0.8517529215358931,0.08948247078464107,0.030717863105175294,3,0,0.0,0.0,0.0,0.0,,,
subject_25_task_3,25,3,,3,87,430.0,460.0,0.41135703107534094,10.0,0.7666666666666667,eye,低,4.666666666666667,0,,,,,,8.441398445459464,3.231151851090109,2.2377533165903793,9.22417930986566,6.226455755213568,1.4439267398845157,4.122071562347346,4.721209241920462,2.8617055018206883,1.7679387353919227,5.280225716735678,2.5855759586131413,1.6186677991340552,2.9866565006083987,15.24043889707967,4.392108950167304,3.2906974164825282,8.891231319977758,4.375485303939103,1.3347045912419653,2.70192916414713,14.39179320323713,8.100800124538361,7.529387333351207,14.480372924188188,10.446183119322788,1.0758910075798729,1.9231807693101122,2995,3.287081494057725,0.19089928809039391,0.9479131886477462,0.8564273789649416,0.08647746243739567,0.030717863105175294,6,1,5.768954688200851,0.0028787199042918416,9.595733014306138e-05,0.00019229848960669504,1.0,-1.000088900581841e-12,3.20326
subject_25_task_3,25,3,,3,88,435.0,465.0,0.41582830315224684,10.0,0.775,eye,低,4.666666666666667,0,,,,,,7.874779070230228,3.030370222269248,2.175325644827544,9.14001894777776,5.888221109009548,1.393065093253884,4.2016784795006465,4.349239964900602,2.6910534130211072,1.7906916840046747,4.9713950863143115,2.330856454218918,1.5028010891315906,2.776242906984614,14.986553468795178,4.2575912367244175,3.2232405001095294,8.809632388190176,4.225381820360556,1.3209039898138968,2.7331601187968486,12.18595546925232,8.115343461258767,7.728912906048404,15.560484394699445,9.51542022389558,1.0499980475789752,2.013282409033527,2995,3.255958488018899,0.18838381336809193,0.9589315525876461,0.8771285475792988,0.07779632721202004,0.021035058430717863,6,1,380.37640197397917,0.1898085838193509,0.006326952793978363,0.012679213399132638,1.0,-1.000088900581841e-12,3.20326
subject_25_task_3,25,3,,3,89,440.0,470.0,0.4202995752291527,10.0,0.7833333333333333,eye,低,4.666666666666667,0,,,,,,8.599820827444887,3.158128071760162,2.142129778677433,9.107865762877573,6.008210140914292,1.474293529363106,4.2517805660219326,4.545736295730143,2.6695325606359077,1.6375692230194299,4.844986203771798,2.286368779462896,1.6301799784156261,2.958645128197009,14.377329654947044,4.196354876759909,3.274125592483502,8.85527166915726,4.27490822870304,1.2816719329257231,2.704621865907204,11.69066392295967,8.150353508926077,7.306356300578487,15.516715469031881,9.109470377155487,1.115515473599442,2.123728275858013,2995,3.2360455619304758,0.187852410972776,0.9649415692821369,0.8814691151919867,0.07245409015025042,0.019365609348914858,6,1,754.9838492597576,0.37673844773440995,0.012557948257813666,0.025166128308658584,1.0,-1.000088900581841e-12,3.2032599999999998
subject_25_task_3,25,3,,3,90,445.0,475.0,0.4247708473060586,10.0,0.7916666666666666,eye,低,4.666666666666667,0,,,,,,8.320794158774925,2.9687148460345076,2.260964324694754,9.970989428970936,6.544001133420269,1.3130303798293255,4.410060486167596,4.214261383921662,2.648983157786817,1.6654072187059545,5.154297760213002,2.345037377354893,1.5905918552731595,3.0949173885639607,12.565144660137687,4.116126790017999,3.3706718760853516,9.49636698903614,4.514190063772887,1.2211591461101838,2.817351358467167,11.016073396291498,8.056949202313616,8.347109554240275,16.673100996135105,9.730269710747693,0.9652382240773084,1.9974700089643946,2995,3.2289762144053604,0.20045814091004685,0.9729549248747913,0.8848080133555927,0.07479131886477462,0.012687813021702838,6,1,1129.591296545536,0.5636683116494691,0.01878894372164897,0.03765304321818453,1.0,-1.000088900581841e-12,3.20326
subject_25_task_3,25,3,,3,91,450.0,480.0,0.42924211938296447,10.0,0.8,eye,低,4.666666666666667,0,,,,,,8.877853933359754,3.0746914355040325,2.0834171677783053,8.863334300507024,5.590137480036451,1.4757925023641774,4.254229271787475,4.911622580608787,2.7151430482514702,1.5490920007897602,4.793102668706388,2.1664653924968564,1.7527319532133872,3.0941368661530513,13.631150530849407,4.144907806339955,3.0849734395950157,9.005486712915754,4.278797512932102,1.3435797382048396,2.9191456228867767,12.416352355491105,8.192906567069459,8.256278859753523,16.81065254812614,9.812355188379742,0.9923243517133388,2.0361052277524445,2995,3.202568844221106,0.19588346827712044,0.9752921535893155,0.89449081803005,0.06911519198664441,0.012687813021702838,6,1,1504.1987438313145,0.7505981755645281,0.025019939185484272,0.05013995812771048,1.0,-1.000088900581841e-12,3.20326
subject_25_task_3,25,3,,3,92,455.0,485.0,0.4337133914598703,10.0,0.8083333333333333,eye,低,4.666666666666667,0,,,,,,9.812998610363605,2.8746333662031653,2.1757095952914915,8.676373413504743,5.5483899005168755,1.3212394578873174,3.9878361672355096,5.767416984143576,2.4890453283507363,1.5785902904716143,4.630497483139616,2.2178108172651325,1.5767519560804582,2.933311772591877,13.853156390960715,4.141022273799395,3.19697972830878,9.12209204004402,4.321232976218031,1.2952920023643748,2.8533468508634106,12.352746371680809,7.819087356983012,8.7716231423955,17.131458419851132,9.95737605927656,0.8914071238641524,1.9530545421006984,2994,3.155628924515698,0.16869561762236335,0.9822979291917168,0.9034736138944556,0.06513026052104208,0.008016032064128256,3,1,1878.8061911170928,0.9375280394795872,0.03125093464931957,0.06262687303723642,1.0,-1.000088900581841e-12,3.20326
subject_25_task_3,25,3,,3,93,460.0,490.0,0.4381846635367762,10.0,0.8166666666666667,eye,低,4.666666666666667,0,,,,,,10.313416237958148,3.1425482222028487,2.173001769233684,8.904847983953156,5.921360580776702,1.4461784001727152,4.097947875621601,5.877687033401146,2.5237635608539986,1.4775124790520613,4.742370906667108,2.2241396732430174,1.7081165788008696,3.209699392664153,12.620672026414429,4.315965329332345,3.1588462644933077,9.231323927027075,4.584095417191072,1.366310661536624,2.9223720162613924,13.36126440582143,8.138142510783121,7.874508858368697,16.81570908221617,10.593837553477211,1.0334793772102047,2.135461320148893,2994,3.119926608579089,0.16262473634113314,0.9802939211756847,0.9031396125584502,0.06379425517702071,0.008016032064128256,3,1,1998.2310453117984,0.9971212800957078,0.03323737600319026,0.06660770151039327,1.0,-1.000088900581841e-12,3.20326
subject_25_task_3,25,3,,3,94,465.0,495.0,0.4426559356136821,10.0,0.825,eye,低,4.666666666666667,0,,,,,,8.89955274850772,2.8201401077630823,2.2359295804866646,8.934268236367961,5.834483310389069,1.2612830620315245,3.9957735316616545,5.571440893179928,2.484659545523813,1.4720511562002792,4.646200233260911,2.1444511512926723,1.6878894018447848,3.156276338421472,12.99995172651333,4.020471146729645,3.175712999550652,9.127128713576816,4.156719589880998,1.2660058220936596,2.874040794891812,13.455850217728141,7.3655453499747265,7.783718535861624,14.90055686331616,9.360228942257047,0.9462759111907421,1.9143236994844306,2994,3.167229089687605,0.19705470400690175,0.9799599198396793,0.8800935203740815,0.08049432197728791,0.010354041416165664,6,1,1623.62359802602,0.8101914161806487,0.027006380539354956,0.05412078660086734,1.0,-1.000088900581841e-12,3.2032599999999998
subject_25_task_3,25,3,,3,95,470.0,500.0,0.44712720769058795,10.0,0.8333333333333334,eye,低,4.666666666666667,0,,,,,,10.59126636232646,2.886017126803535,2.0525132767459717,8.628548661251749,5.384975216684767,1.4060893829534635,4.203894200836225,6.021455610617484,2.2726631554511196,1.427342490351491,4.5684117722187,2.0756555409598856,1.5922339388155282,3.200641614118629,13.447500393143791,4.256894846333552,2.9689752128055806,9.048548762724012,4.046721237894746,1.4337926527554032,3.0477010126916624,15.044182600354873,7.506582923220479,7.393238362092727,14.48194446733111,9.918883479037367,1.015330840908485,1.958809354989044,2994,3.202440162271805,0.20695600563424882,0.9749498997995992,0.866065464261857,0.09084836339345358,0.014362057448229793,6,1,1249.0161507402418,0.6232615522655897,0.020775385075519657,0.04163387169134139,1.0,-1.000088900581841e-12,3.20326
subject_25_task_3,25,3,,3,96,475.0,505.0,0.45159847976749384,10.0,0.8416666666666667,eye,低,4.666666666666667,0,,,,,,10.214131903656803,2.848727250192164,2.123259354000668,8.527030008767003,5.766239416804588,1.3416765336860812,4.016009628169202,5.981769739427388,2.2935807754695423,1.40102820828644,4.579875781760524,2.2335390765968106,1.6370696620553837,3.268939022549765,12.601622248258309,4.3119956817617116,3.32262903841067,10.20676788952824,4.887819576752197,1.2977662061920372,3.071895108221439,13.943433308679877,6.601017034666249,6.977880452139099,13.22041438936782,8.616044295153388,0.9459917062125475,1.894617495963985,2994,3.2067835820895523,0.18512643349289376,0.9752839011356046,0.8777555110220441,0.08149632598530394,0.015364061456245824,6,1,874.4087034544633,0.4363316883505306,0.014544389611684354,0.029146956781815444,1.0,-1.000088900581841e-12,3.20326
subject_25_task_3,25,3,,3,97,480.0,510.0,0.45606975184439974,10.0,0.85,eye,低,4.666666666666667,0,,,,,,10.521972178012698,2.765299324863347,2.1436941154254736,9.210107282486696,6.04541462020713,1.2899691728241272,4.29637195727372,5.318960972741083,2.3439083927650506,1.5846809136440605,4.911651187207946,2.293368639937025,1.479104324778611,3.0994575279595784,13.48367885578277,4.157159210359967,3.3080381693855805,9.969343466821483,4.807274190697681,1.2566841727621596,3.0136724415949354,12.891289266580563,6.99255826962461,6.434087319808111,13.447417515248025,9.325098076543174,1.0867987831152335,2.0900272015035504,2995,3.2354637878272694,0.19610927589737928,0.9686143572621035,0.864440734557596,0.08647746243739567,0.018697829716193656,9,2,503.1980790565378,0.273664845062992,0.009122161502099733,0.016773269301884594,0.993249531289504,0.040467443065531176,3.203032104176334
subject_25_task_3,25,3,,3,98,485.0,515.0,0.46054102392130564,10.0,0.8583333333333333,eye,低,4.666666666666667,0,,,,,,9.397519124498494,2.778516476069601,2.182979093719201,9.484476518193212,6.241790845235168,1.2728094758506214,4.3447399681846015,5.576806963806832,2.4244433061068418,1.5463636329082664,5.214526320647615,2.337400119568589,1.567835180879907,3.3721216728568475,12.81446797617801,4.15069745017782,3.471905282085248,10.836802415732981,4.962745151026957,1.195509990320037,3.1212840026627484,13.307807484794111,6.5574087782400055,6.584135271402995,14.699506094783809,9.212338440534106,0.9959407739875772,2.2325644126159534,2995,3.2461947963026363,0.20720506863024116,0.9592654424040067,0.8480801335559266,0.09215358931552588,0.025709515859766278,9,2,183.91348010712233,0.48189818355052516,0.016063272785017506,0.006130449336904077,0.6807212217939985,0.6263246252201099,3.1924811484477655
subject_25_task_3,25,3,,3,99,490.0,520.0,0.4650122959982115,10.0,0.8666666666666667,eye,低,4.666666666666667,0,,,,,,10.549695868591293,2.7078365876962947,2.041994484726531,8.788515568468288,5.671472768988154,1.32607438852066,4.303888004695208,5.463641601143684,2.49839947921666,1.5963770307485416,4.947806622011436,2.1344321954062004,1.5650434897858434,3.099397276902317,13.692711801462227,3.9738152871495718,3.326237231471912,10.21682286081996,4.635698215650897,1.1946878741992484,3.071585743840302,14.04931247795821,6.824284782774544,6.6841063897469395,15.087720966645064,9.589703990517412,1.0209718973418243,2.2572532642192558,2995,3.256272262026612,0.18367327121273605,0.9656093489148581,0.8587646076794658,0.08881469115191987,0.022370617696160267,6,1,114.0425195605787,0.814589425432705,0.027152980847756834,0.0038014173186859566,1.0,-1.000088900581841e-12,3.1695
subject_25_task_3,25,3,,3,100,495.0,525.0,0.4694835680751174,10.0,0.875,eye,低,4.666666666666667,0,,,,,,10.845345598525334,2.963095758575729,2.139954953833555,9.134121574400446,6.200285046453711,1.3846533326636545,4.268370957078984,6.276415123822592,2.8347205886159332,1.58909103936009,5.209313157503771,2.29408502136177,1.7838629244032769,3.278171626719074,12.822320006349312,4.192103873097559,3.3986324793519325,10.692456103677333,4.952511718327925,1.2334678428945425,3.146105431710646,16.085745861771716,7.085903712991328,7.809201208280395,15.6003092607097,9.475223182803335,0.9073788117378603,1.9976830977498818,2995,3.241042205582029,0.15729831817629902,0.9702838063439065,0.879465776293823,0.07612687813021703,0.02036727879799666,6,1,140.00000000000023,1.0000000000000016,0.03333333333333339,0.004666666666666674,1.0,-1.000088900581841e-12,3.1695
subject_25_task_3,25,3,,3,101,500.0,530.0,0.47395484015202327,10.0,0.8833333333333333,eye,低,4.666666666666667,0,,,,,,10.998497455361335,2.8921707601854263,2.0137213552731965,9.667652897409775,6.588727248967166,1.436231856315122,4.800889096246481,5.847827658122848,2.7874995347129334,1.6447384387579664,5.285962115629931,2.4110750727533525,1.6947980718550784,3.2138618463989053,12.708657436549963,3.899377873633383,3.0660120184568003,9.605839871728676,4.302697678899028,1.2718077587954257,3.1330078988286334,13.831608787180897,7.04353990872059,7.220358712212138,16.291873192266614,9.96171251587805,0.9755110776986071,2.256380027866398,2995,3.234145861601085,0.15490539083072366,0.9736227045075125,0.8804674457429048,0.07646076794657763,0.01702838063439065,6,1,140.00000000000023,1.0000000000000016,0.03333333333333339,0.004666666666666674,1.0,-1.000088900581841e-12,3.1695
subject_25_task_3,25,3,,3,102,505.0,535.0,0.4784261122289291,10.0,0.8916666666666667,eye,低,4.666666666666667,0,,,,,,11.51473235562469,3.129384039803061,2.034330728655878,9.222293429855082,6.312888287983468,1.5382867671033538,4.533330446199587,6.338985767296303,2.8739237031002793,1.6160368417264872,5.198284972505452,2.3856794377803436,1.7783775894799114,3.216687168438489,12.252590062304142,3.957648466548365,3.0839631500919626,9.405863260808719,4.0236543690356275,1.2832995317827807,3.049927253679487,15.083149663375762,6.803302221775124,7.103697912778892,16.41928836144753,9.652775303428603,0.9577127723205425,2.3113719872449474,2995,3.2030027045300877,0.17915765778697404,0.9726210350584307,0.8818030050083473,0.07679465776293823,0.014691151919866445,3,1,140.00000000000023,1.0000000000000016,0.03333333333333339,0.004666666666666674,1.0,-1.000088900581841e-12,3.1695
subject_25_task_3,25,3,,3,103,510.0,540.0,0.482897384305835,10.0,0.9,eye,低,4.666666666666667,0,,,,,,10.633510832164413,3.1794851682514977,1.8888009005932735,8.851827378373649,6.160851706771636,1.683335266969017,4.6864798590435255,5.233973998781235,2.8496791620954465,1.5027584743566056,5.118710020801423,2.245262188249846,1.8962988469025368,3.406209386370594,11.959082073320143,4.235265498034119,2.9791918728496585,9.004131775699914,3.9953873804391296,1.421615551731148,3.0223403392569264,13.40489561798337,7.617156006757722,7.186440152597355,16.85051236481429,9.49465243342865,1.059934521823673,2.344764863689027,2994,3.1811774030354134,0.1933442269890354,0.9719438877755511,0.8857715430861723,0.07548430193720775,0.01503006012024048,3,1,136.60317711214734,0.975736979372481,0.0325245659790827,0.004553439237071578,1.0,-1.000088900581841e-12,3.1695
subject_25_task_3,25,3,,3,104,515.0,545.0,0.4873686563827409,10.0,0.9083333333333333,eye,低,4.666666666666667,0,,,,,,11.79732648357401,3.7963082093991036,2.057415710605633,9.593746466300965,6.665243490360834,1.8451828620875066,4.66300826655829,5.9827640589036255,3.094187514104485,1.600106643539687,5.664284111248154,2.4397920807496196,1.933738308379032,3.5399416245893893,12.271211128473588,4.576476018770162,3.156540701310179,9.054703919124346,4.03486501553753,1.4498390649202189,2.868552879855479,13.423398118597596,7.228033778129756,7.684173330801317,17.015583805328408,9.133333272833466,0.9406390859452419,2.214367515256712,2994,3.2131547779273215,0.20594790150917486,0.9759519038076152,0.8931195724782899,0.07448229792919171,0.012358049432197728,6,2,232.82476521307663,0.7896967343350575,0.02632322447783525,0.007760825507102554,0.7661688759029781,0.5438642530417132,3.1765666520178866
subject_25_task_3,25,3,,3,105,520.0,550.0,0.49183992845964675,10.0,0.9166666666666666,eye,低,4.666666666666667,0,,,,,,10.901489994246827,3.524870961061156,2.0520743756249047,9.990356049873979,6.7703793301594635,1.7177111136567602,4.868418108301597,5.495465770087004,3.0656695769423408,1.4934951990296945,5.752276739308116,2.491187271503852,2.0526812399089525,3.85155355239528,11.455383881646569,4.565812461644347,3.180774658161985,8.783874348915731,3.9315309353347185,1.4354404044084996,2.7615519151524883,11.251160888218235,7.320898820842445,7.257048021578264,16.101301434243883,9.00099611370475,1.008798453458531,2.2187122623920805,2994,3.2228235890503547,0.21436456715515606,0.9676018704074816,0.884435537742151,0.07615230460921844,0.016700066800267203,6,2,389.21529552618875,0.6866863083576837,0.022889543611922792,0.012973843184206291,0.6647131184288636,0.6378596863074142,3.1796327645212985
subject_25_task_3,25,3,,3,106,525.0,555.0,0.49631120053655264,10.0,0.925,eye,低,4.666666666666667,0,,,,,,11.120523007250581,3.6705829934866236,2.126311335955725,10.00990963657737,6.6794796425120095,1.726267894742134,4.707640629719053,5.664543232345838,3.0614954730228234,1.5081798750957673,5.708984330008711,2.431294988277226,2.0299272809408246,3.7853471089754454,10.687112851606285,4.723343511391716,3.257494751233436,8.834916252562778,3.820546782259707,1.4499926698587138,2.712181270351234,11.69144116024789,6.784201424615676,7.315131940124473,16.040938953784465,8.765078664826945,0.9274202406935994,2.1928434217020443,2994,3.2510363081099425,0.24799609029055267,0.9625918503674015,0.874749498997996,0.08082832331329326,0.020374081496325986,3,2,574.9711937362424,0.7934285102156059,0.026447617007186862,0.019165706457874746,0.640754369825207,0.6529829220949488,3.180356826126955
subject_25_task_3,25,3,,3,107,530.0,560.0,0.5007824726134585,10.0,0.9333333333333333,eye,低,4.666666666666667,0,,,,,,9.833007981781918,3.5280195330376034,2.4277894869870225,10.288929856689466,6.77017546265808,1.453181814958762,4.237982704776604,5.11201017882108,2.8855248744929973,1.717274040871813,5.849623558704978,2.387130294919684,1.6802937713005288,3.4063425053203993,11.190327465741646,4.591810554803063,3.346497417376816,8.530341832663252,3.726003229037084,1.3721243384082447,2.5490358332174785,14.219949342490914,7.324382549175813,7.229278140833557,15.131579664026399,8.466477286158709,1.0131554501693707,2.093096899752384,2995,3.2449317718940933,0.24603393507993374,0.9632721202003339,0.8757929883138564,0.08380634390651086,0.021368948247078464,3,2,786.6845723857175,1.0855812866408243,0.03618604288802748,0.026222819079523917,0.640754369825207,0.6529829220949488,3.1803568261269546
subject_25_task_3,25,3,,3,108,535.0,565.0,0.5052537446903644,10.0,0.9416666666666667,eye,低,4.666666666666667,0,,,,,,8.996801813457976,3.310040523869863,2.600099011268301,10.397874066316565,6.498395180789878,1.2730440300637857,3.9990300451076246,5.413612068258384,2.817960972705538,1.6974109036321607,5.769512551287364,2.285197298176444,1.6601525103176829,3.3990075938251736,12.683081895039487,4.801727243697935,3.548031816716475,8.446634798852493,3.6683993192318525,1.3533495446897352,2.3806536229625554,13.446910001639807,6.871100724739364,7.819578731538843,14.984634939180415,8.208511027696753,0.8787047180720918,1.916296958395294,2995,3.2690631364562117,0.22700955923764454,0.967278797996661,0.8791318864774624,0.08447412353923206,0.02036727879799666,3,2,998.3979510351924,1.3777340630660428,0.0459244687688681,0.03327993170117308,0.6407543698252071,0.6529829220949487,3.180356826126955
subject_25_task_3,25,3,,3,109,540.0,570.0,0.5097250167672703,10.0,0.95,eye,低,4.666666666666667,0,,,,,,9.543990688539745,3.301065000596781,2.5058797226253158,10.431594040537647,6.693210225587549,1.3173277914306198,4.162847061793077,5.770622889666008,2.7663548851013435,1.653509283418235,5.735564219365642,2.3051225806939644,1.6730204739961099,3.468722115371941,13.473394391322277,4.653384601659711,3.294909742624531,8.092570286258393,3.4967047164918097,1.4122950141733168,2.4560825389445506,15.401360760662191,6.432669550234036,6.786697242082536,13.737721670132423,7.697413687073904,0.9478350544866998,2.024213130497173,2995,3.254260353021045,0.20696288005654898,0.9746243739565943,0.8904841402337229,0.08080133555926544,0.01669449081803005,3,2,1210.1113296846675,1.6698868394912614,0.055662894649708715,0.04033704432282225,0.6407543698252071,0.6529829220949487,3.1803568261269555
subject_25_task_3,25,3,,3,110,545.0,575.0,0.5141962888441761,10.0,0.9583333333333334,eye,低,4.666666666666667,0,,,,,,8.087584237431171,2.7899591521371097,2.6650994594563895,10.346828588160902,6.272983148924263,1.0468499185790943,3.8823423836765114,5.204698349755169,2.49794188290893,1.6632330055668347,5.626803314912883,2.121787429256561,1.5018592551664907,3.3830517408444836,14.12471325734654,4.5023462435581845,3.4284438505410844,8.00374867642915,3.5154157608451797,1.313233186784615,2.3345135651458846,16.78697330802266,6.369339590945607,6.620303588720726,13.202830279356524,7.635366591885536,0.9620917689933893,1.9942937816100623,2995,3.20231125380196,0.18949629179183458,0.9799666110183639,0.9035058430717863,0.07512520868113523,0.012353923205342237,3,2,1270.2802718968505,1.7529166585513116,0.05843055528504372,0.042342675729895016,0.640754369825207,0.6529829220949488,3.180356826126955
subject_25_task_3,25,3,,3,111,550.0,580.0,0.518667560921082,10.0,0.9666666666666667,eye,低,4.666666666666667,0,,,,,,8.107833676467834,3.1178074105652858,2.683355604367785,10.74210167900959,6.518662825630447,1.1619061616322226,4.003234480560207,5.099838171066886,2.6485718096358606,1.8314249857510625,6.028106703259579,2.210641417219796,1.4461808866005441,3.2914843633562576,13.967233237022247,4.759867016122708,3.5447511578467306,8.252799723275356,3.666871858821301,1.3427929928413094,2.328174632232448,17.64011706317386,7.084258508834107,6.673697418045751,13.61708837032586,7.477017001040818,1.0615192845989982,2.0404114117468235,2995,3.1988270854441065,0.18921278729049731,0.9796327212020033,0.9021702838063439,0.07378964941569283,0.014023372287145243,3,2,1270.2802718968505,1.7529166585513116,0.05843055528504372,0.042342675729895016,0.640754369825207,0.6529829220949488,3.180356826126955
subject_25_task_3,25,3,,3,112,555.0,585.0,0.5231388329979879,10.0,0.975,eye,低,4.666666666666667,0,,,,,,7.74868118269725,2.933794118083256,2.674667069395905,10.054824877855355,6.052622217074006,1.0968819826782692,3.7592809187000302,5.145417805049257,2.5477413773817394,1.7157455400624386,5.977284730858681,2.1029345565569386,1.4849179659176168,3.483782758742394,15.288323867192927,4.786873043775408,3.8074079900582976,8.275891917478786,3.715771186007865,1.2572524552857582,2.173628867483694,14.626657407917214,6.732300062057447,6.740987264554854,13.371116895614575,7.3842560469499325,0.9987112863210578,1.9835546887800783,2995,3.148247897746385,0.1254058905395562,0.9846410684474124,0.917195325542571,0.066110183639399,0.01001669449081803,3,2,1270.2802718968505,1.7529166585513116,0.05843055528504372,0.042342675729895016,0.640754369825207,0.6529829220949488,3.180356826126955
subject_25_task_3,25,3,,3,113,560.0,590.0,0.5276101050748938,10.0,0.9833333333333333,eye,低,4.666666666666667,0,,,,,,8.106284272649317,2.9151895570213213,2.65260352162814,10.304746514841673,6.17875608147285,1.0989918143635762,3.8847669585075155,5.447981288460691,2.717327805877911,1.7977992495251847,6.034786077033135,2.155064867854763,1.5114745467802273,3.3567630416059955,14.803578946073106,4.567678296449051,3.482524939750342,8.311066419129443,3.7444304607346663,1.311599593821287,2.3865059297250153,13.628415741723986,6.970717106112088,6.3160165382431055,13.110816326958984,7.687182879123419,1.1036571965739497,2.075804622672181,2994,3.134372443848475,0.10452684939812693,0.988309953239813,0.9288577154308617,0.05711422845691383,0.006012024048096192,3,2,1270.2802718968505,1.7529166585513116,0.05843055528504372,0.042342675729895016,0.640754369825207,0.6529829220949488,3.180356826126955
subject_25_task_3,25,3,,3,114,565.0,595.0,0.5320813771517997,10.0,0.9916666666666667,eye,低,4.666666666666667,0,,,,,,7.826044216264061,3.0678616295200354,2.762723593479011,11.290392777747968,6.960089766360587,1.1104482680646215,4.086689238256488,4.7332026509959215,2.65514544627411,1.8575290814835883,6.511069442014339,2.4222831733017633,1.4293964346191954,3.505231496464119,14.0667087736078,4.369291101124615,3.6237130398589574,8.452322639759968,3.6877505889989495,1.2057497525506813,2.3325033044252725,14.836244492102404,6.451806505922786,7.17144371149364,12.877479837364286,7.940946863604424,0.8996523943404178,1.7956607282192856,2994,3.1510494616419917,0.12541207168523252,0.9769539078156313,0.9215096860387442,0.06078824315297261,0.009686038744154976,3,2,1175.6020489648056,1.6222659369339545,0.05407553123113182,0.03918673496549352,0.640754369825207,0.6529829220949488,3.180356826126955
subject_25_task_3,25,3,,3,115,570.0,600.0,0.5365526492287056,10.0,1.0,eye,低,4.666666666666667,0,,,,,,7.923603775373296,3.0776887563707978,2.864520793219709,10.805787899430836,6.530584408602396,1.0744166227229541,3.77228467847328,4.607712033082664,2.735290387981704,2.06616151984861,6.234041787076017,2.3239894641477625,1.323851190579777,3.017209316497576,12.97637472296808,4.428867119693734,3.5197381207751723,8.277833063395155,3.6809590804893366,1.2582945002505865,2.3518320907272727,10.630017559864665,6.741990192195625,7.651984300139198,13.19084556682778,8.328291011909455,0.8810773686601763,1.7238463971479692,2994,3.199723418573351,0.16394485474963297,0.9769539078156313,0.9191716766867067,0.06045424181696727,0.009686038744154976,3,2,963.8886703153305,1.330113160508736,0.0443371053502912,0.03212962234384435,0.6407543698252071,0.6529829220949487,3.1803568261269555
subject_25_task_3,25,3,,3,116,575.0,605.0,0.5410239213056115,10.0,1.0083333333333333,eye,低,4.666666666666667,0,,,,,,7.216279949340508,3.026346603341115,2.491903700041957,9.99777769845035,6.313003371452486,1.2144717323105862,4.012104359523208,4.28724610476264,2.6196995856737124,1.8370601826530677,5.656776327591263,2.3162594340639453,1.4260281782877484,3.079254768573663,12.192796836580357,4.082100419625286,3.2851053126535956,7.976174197855246,3.7445814980094516,1.242608693213523,2.42798127875309,12.191905873123446,6.62362742944659,7.924874885783289,13.30106708031562,8.331767111781389,0.8358021451327828,1.6783945831342866,2994,3.224324442943957,0.18228364061736588,0.9709418837675351,0.9094856379425518,0.06479625918503674,0.013360053440213761,6,2,752.1752916658555,1.0379603840835174,0.03459867946945058,0.025072509722195185,0.640754369825207,0.6529829220949488,3.180356826126955
subject_25_task_3,25,3,,3,117,580.0,610.0,0.5454951933825173,10.0,1.0166666666666666,eye,低,4.666666666666667,0,,,,,,7.859669004897851,2.88197377780029,2.677107502685876,10.094873778327752,6.37080540967447,1.0765252328899293,3.7708137488688123,4.8556008997591045,2.504372205860308,1.9892658672579497,5.6054433250268865,2.3519288813151316,1.2589429332100253,2.817845224858535,12.155171047758966,3.902343571750439,3.052576761604719,7.886421649004772,3.549363782578693,1.278376885008783,2.58352934746805,11.949176076857649,6.650592669469623,7.417990993790236,13.118920367413557,8.241528834884098,0.8965490353165676,1.7685274056541311,2994,3.2459118942731275,0.18569187627011471,0.9585838343353373,0.9021376085504342,0.06813627254509018,0.01736806947227789,6,2,540.4619130163803,0.7458076076582987,0.024860253588609955,0.01801539710054601,0.6407543698252071,0.6529829220949487,3.180356826126955
subject_25_task_3,25,3,,3,118,585.0,615.0,0.5499664654594232,10.0,1.025,eye,低,4.666666666666667,0,,,,,,8.387207585469646,3.0010513626850037,2.4234164062044297,9.848757245461508,6.226373786699443,1.238355635045514,4.063997099403439,4.868606421225,2.470546863209639,1.7498263573371966,5.329675751443021,2.321597726984086,1.4118811577219588,3.0458312215353014,12.182319505078805,3.7279831697463637,2.954977002641487,8.11447556165739,3.7281881751083286,1.2615946474080433,2.746036789593885,12.471218601215577,7.5224530986759985,7.3730986009388415,13.867910485792427,8.505739940137184,1.0202566798331083,1.8808795645329603,2995,3.278302040816326,0.2072617813246696,0.9499165275459098,0.887813021702838,0.07378964941569283,0.021368948247078464,6,2,328.74853436690535,0.45365483123308004,0.015121827707769335,0.010958284478896844,0.640754369825207,0.6529829220949488,3.1803568261269546
subject_25_task_3,25,3,,3,119,590.0,620.0,0.5544377375363291,10.0,1.0333333333333334,eye,低,4.666666666666667,0,,,,,,8.586117701185577,2.870708410018759,2.2702932114277097,9.271221506897682,5.908282176437861,1.264465926942304,4.08371106438156,4.981132864190223,2.2431692039612563,1.8301466944675118,5.0975394763742825,2.347365606913434,1.2256772698835023,2.7853174238895813,11.867597346983931,3.82170403626629,2.9046579271860518,7.999336074642503,3.7549374065588914,1.3157156994278654,2.753968376025616,12.535050359516454,7.134348615124325,7.526886537109545,13.62188659105651,8.453070430125818,0.9478485665952444,1.8097637746891762,2995,3.274112244897959,0.2105564517664182,0.9492487479131887,0.8974958263772955,0.06544240400667779,0.02270450751252087,6,2,117.03515571743026,0.16150205480786145,0.005383401826928715,0.0039011718572476753,0.640754369825207,0.6529829220949488,3.180356826126955
subject_25_task_3,25,3,,3,120,595.0,625.0,0.558909009613235,10.0,1.0416666666666667,eye,低,4.666666666666667,0,,,,,,9.007930610077372,2.907713383010006,1.9950235793090398,8.457441443480427,5.313893529333988,1.4574832163222196,4.23926891451057,4.913994485653943,2.392429187410054,1.652182335828602,4.457358867469052,2.129132123355265,1.448041862891727,2.6978613502931554,13.432515741108288,3.905908971372589,2.91090506267224,7.910416108799049,3.6479866040111664,1.3418194297916832,2.717510856069352,13.160246122300657,8.093992328266008,6.654065907385267,13.997786735804477,8.182779406065144,1.2163979799602804,2.1036441373789976,2995,3.287344967807523,0.22434275291923367,0.9595993322203673,0.8914858096828047,0.07145242070116861,0.019031719532554257,3,0,0.0,0.0,0.0,0.0,,,
subject_25_task_3,25,3,,3,121,600.0,630.0,0.5633802816901409,10.0,1.05,eye,低,4.666666666666667,0,,,,,,8.25281867976101,2.5147344614978033,1.9955666208844838,8.003480913333435,5.051242667982341,1.2601606156266594,4.010630780036848,4.655200843382203,2.107011058713721,1.5677571620349544,4.326846151306053,1.8997428554943363,1.3439651941878632,2.759895636955529,12.758873627284233,3.5357712831621897,2.7671973243168075,8.008237433199119,3.582161604151387,1.2777445439439832,2.8939885720568443,12.680947206622866,7.304915951859485,5.720084510234059,12.861568368487887,7.661395571541785,1.2770643403589461,2.248492718154195,2995,3.283100304981362,0.2303663834275007,0.9552587646076794,0.8881469115191987,0.07445742904841403,0.021035058430717863,3,0,0.0,0.0,0.0,0.0,,,
subject_25_task_3,25,3,,3,122,605.0,635.0,0.5678515537670468,10.0,1.0583333333333333,eye,低,4.666666666666667,0,,,,,,9.123253275042838,2.918060981992591,1.9477871917396905,7.849737911701433,4.798078389301384,1.4981415805421168,4.030079849067259,4.915499441462111,2.4163107488107536,1.5327825015530383,4.508725931243649,1.9042226452336122,1.5764211467462026,2.94153014317122,13.084037761978882,3.7911210015422183,2.8347099657112045,7.8692489163567,3.3537855825728204,1.337392906999238,2.7760331785415557,12.426083817251524,8.590331908938937,6.066395766070855,13.105860106117257,7.425281918882871,1.416052008506331,2.1604030814174515,2995,3.287001356852103,0.2300933523498222,0.9439065108514191,0.8761268781302171,0.08113522537562605,0.025041736227045076,6,0,0.0,0.0,0.0,0.0,,,
subject_25_task_3,25,3,,3,123,610.0,640.0,0.5723228258439526,10.0,1.0666666666666667,eye,低,4.666666666666667,0,,,,,,9.176113638029438,2.7510358820784973,1.8975203572960762,7.645975923589993,4.766526150094558,1.4498057275120155,4.029456598023189,4.532724601115361,2.3402668936699205,1.483152876515516,4.516771901050315,1.9078242381600152,1.5778999796488193,3.045385254999411,14.036970434588184,3.688463899593783,2.784097039338689,8.006807279355673,3.235881580074078,1.3248330957853072,2.875908118941696,12.452950297602277,8.603879440827845,5.95292917947743,12.812453952860176,7.4499190675053955,1.4453186291027107,2.1522940331678697,2995,3.2946973063973064,0.23390451748577454,0.9646076794657763,0.8931552587646077,0.07746243739565943,0.015025041736227046,6,0,0.0,0.0,0.0,0.0,,,
subject_25_task_3,25,3,,3,124,615.0,645.0,0.5767940979208585,10.0,1.075,eye,低,4.666666666666667,1,84.0,,84.0,84.0,,9.271739560113458,2.9219367000810488,2.1223117633501123,8.807070022586219,5.582107697424427,1.3767707226334702,4.149753195866039,4.670124135666716,2.5279900472803463,1.6374994039887978,4.9761783559287,2.139850161576332,1.5438112778071218,3.0388886516887808,12.902809613829056,3.9196720096029467,3.080444373487857,8.020913207756905,3.1708813553805673,1.2724371987814431,2.6038169287488753,11.548222987482534,8.038369981202875,5.692759228297725,12.658870500311721,7.129426489775526,1.41203406974346,2.2236792375455923,2994,3.2842082772543746,0.23983261867450206,0.9692718770875084,0.9014696058784235,0.07381429525718103,0.014028056112224449,9,0,0.0,0.0,0.0,0.0,,,
subject_25_task_3,25,3,,3,125,620.0,650.0,0.5812653699977643,10.0,1.0833333333333333,eye,低,4.666666666666667,1,84.0,,84.0,84.0,,8.581474920546498,2.855863894605299,2.1854595910690646,8.712580965792982,5.418202115871563,1.3067566686091376,3.9866127021506887,4.711953035300454,2.511476195320679,1.6203614590780837,5.139936149747082,1.9677234237518446,1.5499481188287465,3.172092326036615,13.470872687035019,3.869754022750186,2.972782239265232,8.241959219912133,3.102986908547063,1.3017280484381035,2.7724732444409574,11.494278688626602,9.004894831421707,5.483193724461732,12.400963162872337,7.130806003395658,1.6422718736434374,2.2616314115528904,2994,3.320488175675676,0.24129788017595066,0.9649298597194389,0.8847695390781564,0.08350033400133601,0.016700066800267203,9,0,0.0,0.0,0.0,0.0,,,
subject_25_task_3,25,3,,3,126,625.0,655.0,0.5857366420746702,10.0,1.0916666666666666,eye,低,4.666666666666667,1,84.0,,84.0,84.0,,8.622224845499753,2.912848462245181,2.2941280884332804,9.600117608710349,6.003508123507277,1.269697396989913,4.184647604077991,4.821554359078319,2.5170701808160616,1.6458184206267106,5.502634186056404,2.1516988606683465,1.5293729546772161,3.3434029641988436,11.683808632693076,3.7544030716136914,3.046571088002854,8.213955467927914,3.142061664805124,1.2323372615194248,2.6961312343157835,11.39724212675022,8.244409204969093,5.293174006331159,12.141951147810255,6.782902688364961,1.5575549179203187,2.2938885313967163,2994,3.3265199864498647,0.25270326665124704,0.9629258517034068,0.8881095524382098,0.07648630594522378,0.019372077488309953,9,1,70.05844255975438,0.19707016191210797,0.006569005397070266,0.0023352814186584792,1.0,-1.000088900581841e-12,3.09577
subject_25_task_3,25,3,,3,127,630.0,660.0,0.5902079141515761,10.0,1.1,eye,低,4.666666666666667,1,84.0,,84.0,84.0,,9.457464453780434,2.9938103169803103,2.3325963132613925,10.306339971798248,6.332613801702544,1.2834669676702097,4.418398465780012,5.249265587901186,2.5663121704124587,1.6504099161305117,5.587368145751252,2.241396956549641,1.554954405769287,3.3854426655719463,13.127025282723984,3.8822817142761505,2.9502789107770964,8.277439633257664,3.2577028034612914,1.315903286328128,2.8056464773621714,12.95743173341507,9.121946186064998,5.282754958201451,12.513948681121155,7.09743163233707,1.7267403576808387,2.3688300479834505,2994,3.2883927964661903,0.2560030338498777,0.9639278557114228,0.8750835003340013,0.08550434201736808,0.020374081496325986,9,1,252.78781804163563,0.7110768439989751,0.023702561466632504,0.008426260601387854,1.0,-1.000088900581841e-12,3.09577
subject_25_task_3,25,3,,3,128,635.0,665.0,0.594679186228482,10.0,1.1083333333333334,eye,低,4.666666666666667,1,84.0,,84.0,84.0,,8.748191339256566,3.04326589466863,2.251604176664278,9.479680777213884,6.0727759709849565,1.3515989738379277,4.210189728488561,5.024300787614556,2.4720531873615537,1.7224195095819228,5.109365961434633,2.0921648280013083,1.4352213114223182,2.9663888112105816,10.980698311448222,3.984932055935675,3.074794229923656,8.401994967748948,3.302725344976702,1.295999588250371,2.7325389406489036,12.428424145003001,9.568968915584273,5.450264187191283,12.199282187018502,6.926642962300559,1.755689006428789,2.2382919007280693,2995,3.286802850356295,0.25282457878168435,0.9739565943238732,0.8821368948247078,0.08213689482470785,0.016360601001669448,6,1,435.51719352351694,1.2250835260858424,0.040836117536194746,0.01451723978411723,1.0,-1.000088900581841e-12,3.0957699999999995
subject_25_task_3,25,3,,3,129,640.0,670.0,0.5991504583053879,10.0,1.1166666666666667,eye,低,4.666666666666667,1,84.0,,84.0,84.0,,8.34697384444292,2.983534684661392,2.1873028370168406,9.597564523000377,5.931949194349887,1.3640245119100631,4.387853552135489,5.006675609131423,2.5904671127713463,1.6195785373652998,4.947697073967789,2.070355854290498,1.5994698947946482,3.054928773023018,11.422033064001104,3.88417844258392,2.928037249312604,8.272756560664277,3.3737090438070227,1.3265467997361655,2.82535905668769,13.757614684855051,9.526444701161841,5.155506761603668,12.521455469803499,7.126205879636582,1.8478192623296168,2.4287535733749253,2995,3.2612054514480406,0.2563969402553716,0.9649415692821369,0.8727879799666111,0.08213689482470785,0.02270450751252087,6,1,618.2465690053982,1.7390902081727095,0.057969673605756986,0.020608218966846607,1.0,-1.000088900581841e-12,3.09577
subject_25_task_3,25,3,,3,130,645.0,675.0,0.6036217303822937,10.0,1.125,eye,低,4.666666666666667,0,,,,,,7.089469512175109,2.7998394611841113,1.8966763348972766,8.670405433557983,5.607752874626278,1.476181997776521,4.571367963014928,4.6228965412998715,2.416457851459727,1.4760157006269266,4.458565931684002,1.8091673388147953,1.6371491512138758,3.0206764940171436,10.673561805971003,3.7743430784234206,2.843143543277778,7.898477732438671,3.372580069150874,1.3275246293305647,2.7780791269274943,12.63887651037644,9.14835420393988,5.068910087967562,11.845999572623072,6.67323344494391,1.8047970954655497,2.3369914571463353,2995,3.2628638850889193,0.24009792151237425,0.9595993322203673,0.8597662771285476,0.08781302170283806,0.02671118530884808,6,1,711.0000000000016,2.0000000000000044,0.06666666666666682,0.023700000000000054,1.0,-1.000088900581841e-12,3.0957700000000004
subject_25_task_3,25,3,,3,131,650.0,680.0,0.6080930024591996,10.0,1.1333333333333333,eye,低,4.666666666666667,0,,,,,,7.341970028312563,2.879738708603655,2.0245263022063757,8.380848993074796,5.233738558875516,1.4224259301868536,4.139659229885605,4.775997169632673,2.4723863428701294,1.4960213259538344,4.397767877772173,1.7262507442408286,1.6526411087714832,2.9396425047405264,11.358502100891897,3.9493442192517962,2.887564651118277,7.739082569569671,3.2947786802805683,1.3677076347787815,2.680141747327642,12.784499955623687,8.70676369258926,6.917023914906196,14.022107659141172,8.08268317674878,1.2587441939916055,2.0271879686469654,2995,3.2668910146908097,0.24959572249306966,0.9616026711185309,0.8621035058430718,0.08814691151919866,0.02604340567612688,6,1,711.0000000000016,2.0000000000000044,0.06666666666666682,0.023700000000000054,1.0,-1.000088900581841e-12,3.0957700000000004
subject_25_task_3,25,3,,3,132,655.0,685.0,0.6125642745361055,10.0,1.1416666666666666,eye,低,4.666666666666667,0,,,,,,8.625221939480628,2.9862596243682313,2.0897527534775913,8.073098758423438,5.396308374036958,1.4290014066969159,3.8631836924195286,5.4379402376346215,2.487910567214406,1.4757561024476649,4.399517460794022,1.9798206584332292,1.685854839487364,2.981195506152442,12.361092134865078,4.175651596344405,3.028525114417745,8.542565787219997,3.9484743487253064,1.3787739703612143,2.8207016499720736,13.273261407375864,9.094468543800838,8.925134661400675,16.726001587891457,10.02437920080571,1.0189726977602362,1.8740335269368973,2995,3.2228006814310053,0.2210533733390336,0.9656093489148581,0.8797996661101837,0.07779632721202004,0.02337228714524207,6,1,640.9415574402472,1.8029298380878964,0.06009766126959655,0.021364718581341573,1.0,-1.000088900581841e-12,3.09577
subject_25_task_3,25,3,,3,133,660.0,690.0,0.6170355466130114,10.0,1.15,eye,低,4.666666666666667,0,,,,,,8.490340839534431,2.8486017284615213,2.0919691009834147,8.503425433080709,5.724785257999206,1.3616844183417531,4.064794948014925,6.210945213150622,2.64635460564845,1.5317840110043799,4.572600587384211,2.1734755564055726,1.727629082584074,2.9851470928894144,12.571306122832137,4.265569601753361,3.026445508304544,9.293999792739267,4.6686616102992025,1.409432150702423,3.0709291699574965,12.165753399086924,8.94073732468352,10.25986984267812,18.370452380103746,12.179997405868567,0.871427948090785,1.790515149001981,2995,3.247146457765668,0.22907040422776162,0.9642737896494157,0.8914858096828047,0.0681135225375626,0.02303839732888147,6,1,458.2121819583659,1.2889231560010292,0.04296410520003431,0.015273739398612195,1.0,-1.000088900581841e-12,3.09577
subject_25_task_3,25,3,,3,134,665.0,695.0,0.6215068186899173,10.0,1.1583333333333334,eye,低,4.666666666666667,0,,,,,,7.778151792221501,2.6357900263638894,2.2225947816594602,8.442085599470609,5.714222172022251,1.1859066925352557,3.7983017278423907,5.727958192846622,2.6050924351403917,1.4545355412441854,4.726645845645957,2.1091423919371812,1.7910132556211305,3.249591166127755,12.317722850333945,4.227113447958167,2.9911520638757563,9.536389550161157,4.903393030493978,1.413205800871563,3.188199511931357,11.189361499323034,8.279075776677034,11.760908174761925,19.647140476368463,12.89902185220184,0.7039486792731997,1.6705462014004866,2994,3.282833049403748,0.2441762484033294,0.9615898463593855,0.885437541750167,0.07247828991315965,0.023714094856379427,6,1,275.4828064764846,0.7749164739141621,0.02583054913047207,0.00918276021588282,1.0,-1.000088900581841e-12,3.09577
subject_25_task_3,25,3,,3,135,670.0,700.0,0.6259780907668232,10.0,1.1666666666666667,eye,低,4.666666666666667,0,,,,,,8.923160399609523,3.097754834293517,2.4002016832925586,8.717630770284893,5.801311985445258,1.2906227238554662,3.6320409367958555,6.2950151049991705,2.8570344297397168,1.653733920335924,4.806813695755818,2.2645847038089695,1.7276264304715752,2.9066427414026843,12.19637539205096,4.44111047756667,3.0181266361216155,9.721206747591479,4.886499723900515,1.4714791700303311,3.220940642862993,12.211997471201974,8.284309732854366,13.791958494961845,21.86824158648955,15.009064428992701,0.600662316079373,1.5855791325414692,2994,3.3040546318289783,0.23625932755953807,0.9679358717434869,0.8871075484301937,0.07682030728122913,0.018704074816299265,6,1,92.75343099460333,0.2609097918272949,0.00869699306090983,0.0030917810331534444,1.0,-1.000088900581841e-12,3.0957700000000004
subject_25_task_3,25,3,,3,136,675.0,705.0,0.630449362843729,10.0,1.175,eye,低,4.666666666666667,0,,,,,,9.653649525894142,3.0915027399005233,2.637550075389611,9.27788955882945,5.885119768948432,1.1721114866203461,3.5176164598349655,6.481004760335807,2.845139992230352,1.6462235125657452,5.114444080299869,2.3486949952097556,1.72828292787291,3.106773801528736,11.661634996776536,4.401105890159524,3.0960409549079984,10.309755911144112,5.364494186409868,1.421527025727057,3.329980469024666,12.540109568233119,8.382609347758699,14.589088493097842,23.31824733249716,15.474708467684167,0.5745807458584233,1.5983347652959348,2994,3.3027005076142135,0.2273420616211153,0.9645958583834335,0.8934535738142952,0.07448229792919171,0.017702070808283232,3,0,0.0,0.0,0.0,0.0,,,
subject_25_task_3,25,3,,3,137,680.0,710.0,0.6349206349206349,10.0,1.1833333333333333,eye,低,4.666666666666667,0,,,,,,9.730629316629157,3.226248489914161,2.447588483240361,8.954255134545576,5.650786621575367,1.3181335473694222,3.658398948948739,5.792831593126253,2.8467740253879428,1.6489707814593209,4.694247731339966,2.1435484243218963,1.7263944621678373,2.846774354112939,11.840859762299582,4.346681152942418,2.9285121642780183,10.078122833078467,5.119901366203015,1.4842626252208273,3.4413798774720408,13.269302099942285,7.170705827815915,14.267969301911165,23.60177011794779,15.160058840360117,0.5025736792730142,1.6541786443839896,2994,3.2951809556082683,0.20884547963174097,0.9615898463593855,0.8934535738142952,0.07247828991315965,0.018704074816299265,6,0,0.0,0.0,0.0,0.0,,,
subject_25_task_3,25,3,,3,138,685.0,715.0,0.6393919069975408,10.0,1.1916666666666667,eye,低,4.666666666666667,0,,,,,,8.313619590695431,2.9344884718431197,2.4553443879959715,9.174452944285902,5.639195433648511,1.195143331497469,3.7365238820017432,5.125770394887667,2.694231557629099,1.6294552240815874,4.9094447604021685,2.235644060185536,1.653455411238841,3.0129362794668304,11.165019246677636,3.8607133666370332,2.837308628766504,9.471357102817459,4.4740420653577075,1.3606955998704469,3.3381483448048623,12.845752716935353,7.28517861747324,12.224968225020362,19.929613227055512,13.478963382981945,0.5959261802057654,1.630238448085808,2994,3.294044730599796,0.2086881982772148,0.9559118236472945,0.8804275217100869,0.08316633266533066,0.018704074816299265,6,0,0.0,0.0,0.0,0.0,,,
subject_25_task_3,25,3,,3,139,690.0,720.0,0.6438631790744467,10.0,1.2,eye,低,4.666666666666667,0,,,,,,9.366127457539976,3.21035530531911,2.419276755716679,8.727082920870878,5.455084116241547,1.3269896872001667,3.6073106974012132,5.146048303832106,2.701903231414948,1.6741964474494229,4.875304566572061,2.283819177181016,1.6138507733254355,2.912026586843742,11.316654517609523,4.02593675775332,2.794287619879673,8.93817343914925,4.059006550224329,1.4407739307547318,3.198730644461769,12.1252035945073,7.813833089475317,13.011534202085107,21.63484438123487,13.344156723734478,0.6005312646546435,1.6627435354831464,2995,3.2855413662890487,0.19570125147821132,0.9292153589315526,0.8564273789649416,0.08914858096828046,0.03171953255425709,6,0,0.0,0.0,0.0,0.0,,,
subject_25_task_3,25,3,,3,140,695.0,725.0,0.6483344511513526,10.0,1.2083333333333333,eye,低,4.666666666666667,0,,,,,,9.31153501885031,2.963941102024333,2.4009103516906154,8.689820914576854,5.185377714236448,1.2345071942970534,3.6193858335684483,5.558895962565793,2.4983449193266853,1.694560310162574,4.853745920404337,2.2412119484242403,1.474332252646114,2.8643099282424918,11.229782953792753,3.6357196105119267,2.716931587085449,8.461068556266145,3.8843497337574187,1.3381712030563475,3.1142000764703246,13.450517555864169,6.9882286052486355,12.270295510655403,21.308938992017676,12.481555332967774,0.5695240672223523,1.7366280195544765,2995,3.2453902606310012,0.15879557382155834,0.9282136894824707,0.8767946577629382,0.07512520868113523,0.02971619365609349,6,0,0.0,0.0,0.0,0.0,,,
subject_25_task_3,25,3,,3,141,700.0,730.0,0.6528057232282585,10.0,1.2166666666666666,eye,低,4.666666666666667,0,,,,,,9.639629584954033,2.8699331756433346,2.1874392504651556,8.009660975266668,4.824729470187092,1.312005887721475,3.6616609917571084,4.874603788150346,2.340616841227334,1.6203367637795452,4.687124082447962,2.107817611374031,1.444524924416136,2.892685142510084,11.614770210084478,3.7073531158864563,2.725727838019676,8.295897378361522,3.8397760761400925,1.3601332694242727,3.043553087966678,12.309929592812976,7.489070409478896,12.538734722579372,21.59557971378582,12.464168273863592,0.5972748108302193,1.722309323196475,2995,3.2247286795048145,0.13969197394444607,0.925542570951586,0.8724540901502504,0.07646076794657763,0.03171953255425709,6,0,0.0,0.0,0.0,0.0,,,
subject_25_task_3,25,3,,3,142,705.0,735.0,0.6572769953051644,10.0,1.225,eye,低,4.666666666666667,0,,,,,,9.541680120273579,2.7049960916505076,2.277358662339178,7.713951471599161,4.473489123175976,1.187777813123245,3.3872360990674224,4.947601663027695,2.1705475183403604,1.6706505193011185,4.655066785349976,1.9795703142729557,1.2992229633091446,2.7863797554124754,12.170930206796157,3.59772588377046,2.922229343231569,8.015539291658644,3.6061241282039527,1.2311579486748594,2.742953529716665,12.468698906517787,7.555615502107005,12.374172010822454,20.9835915364347,13.071396178842841,0.6105956419143731,1.695757220610999,2995,3.234218696102104,0.16313926585716212,0.9235392320534224,0.8550918196994992,0.08447412353923206,0.0330550918196995,3,0,0.0,0.0,0.0,0.0,,,
subject_25_task_3,25,3,,3,143,710.0,740.0,0.6617482673820702,10.0,1.2333333333333334,eye,低,4.666666666666667,0,,,,,,9.169740284042849,2.714768368742903,2.31589897316891,7.6271658765445665,4.517216551787236,1.1722309134358346,3.2933931768656124,4.567477542589481,2.2962784944348495,1.606990151107748,4.760319191492042,1.902866965369304,1.4289312805383119,2.962257850933689,11.43772702480885,3.6661439163263525,2.88591980750559,7.908481585777926,3.671320161408431,1.270355436347048,2.7403677556146397,10.5463384651817,8.015288924053987,11.742722991251563,20.45640248640722,12.31507371285594,0.6825749811202607,1.7420493101683,2995,3.2241036501377405,0.16974800658429412,0.923873121869783,0.8621035058430718,0.08080133555926544,0.03171953255425709,6,1,50.02267303102737,0.3186157517899832,0.010620525059666106,0.0016674224343675788,1.0,-1.000088900581841e-12,3.10852
subject_25_task_3,25,3,,3,144,715.0,745.0,0.666219539458976,10.0,1.2416666666666667,eye,低,4.666666666666667,0,,,,,,10.067212468526026,2.8028480965130935,2.312899578790176,6.934001539425429,3.9889583759172615,1.2118330264815034,2.9979691306150196,5.204645208078969,2.27925422861239,1.5791557968959946,4.574022677112604,1.6902662986850627,1.443337150832436,2.896498677396715,11.87082764775258,3.7515300633079707,2.990499678009866,7.8382809602047825,3.5319088764513786,1.2544826842464534,2.6210606267047134,11.053304725078922,7.329742132248519,11.04490388719656,20.11566910480455,12.171187872650421,0.663631137681993,1.8212624854185444,2995,3.2413893897364776,0.16814948805998142,0.917195325542571,0.8370617696160267,0.08881469115191987,0.03973288814691152,6,1,215.33223360943532,1.3715428892320722,0.04571809630773574,0.007177741120314511,1.0,-1.000088900581841e-12,3.10852
subject_25_task_3,25,3,,3,145,720.0,750.0,0.670690811535882,10.0,1.25,eye,低,4.666666666666667,0,,,,,,9.556935298192268,2.8001210900261864,2.198446591894577,7.203832319717309,4.416812839897556,1.273681653377396,3.2767829549633003,5.03001074135539,2.3680093161888585,1.483852063077398,4.559041202416171,1.8843566472166247,1.5958526965806716,3.072436475211054,11.119170560280828,3.7159184683555644,2.953993900139431,7.925126707515084,3.743270157134666,1.2579303119685419,2.6828514125032594,11.064588785734472,7.194987867662729,9.506773762747017,17.76855212993221,11.158673450639435,0.7568275050213997,1.8690412303235375,2994,3.2491517123287674,0.17640125026011796,0.9395457581830328,0.8580494321977288,0.08149632598530394,0.030394121576486306,6,1,380.6417941878433,2.424470026674161,0.08081566755580537,0.012688059806261443,1.0,-1.000088900581841e-12,3.10852
subject_25_task_3,25,3,,3,146,725.0,755.0,0.6751620836127878,10.0,1.2583333333333333,eye,低,4.666666666666667,0,,,,,,10.31820392101281,2.924697879558102,2.2867644190564587,8.302799557434263,5.3891661518183565,1.278967721898026,3.630806692741913,5.254465931236797,2.3262501171660968,1.4937805124414194,5.027938852680484,2.2752028460323115,1.5572904438042894,3.3659154144827297,11.759273883197533,3.761586733166064,3.3709779662488666,8.588263664019362,4.145064446527103,1.115874019595523,2.547706852434918,11.028467123302178,6.620381361830337,8.726912072679308,16.88795399522697,11.265305164160333,0.7586167142162771,1.9351580323694133,2994,3.2460545454545455,0.18122465299989488,0.9438877755511023,0.8480293921175684,0.0871743486973948,0.03206412825651302,6,1,470.9999999999994,2.999999999999996,0.09999999999999987,0.015699999999999978,1.0,-1.000088900581841e-12,3.10852
subject_25_task_3,25,3,,3,147,730.0,760.0,0.6796333556896937,10.0,1.2666666666666666,eye,低,4.666666666666667,0,,,,,,9.105917805256155,2.9469780550036266,2.301405855791279,9.135020884784835,6.010137184066017,1.280512104193975,3.969321995856308,5.136285500183717,2.551246577704568,1.469526363183958,5.584572126206267,2.5552330136715216,1.7361012647482517,3.8002531061140146,13.806251673929925,3.937422330181646,3.1861394804456236,8.85097305684573,4.207531409829251,1.235797225559926,2.7779615773782145,10.51904213248328,6.736452344930342,7.836118833327269,15.908823201911673,10.813168582556509,0.8596669458712124,2.0301916727259073,2994,3.2688970236058847,0.19693074070304137,0.9458917835671342,0.8583834335337341,0.07982631930527723,0.03139612558450234,6,1,470.9999999999994,2.999999999999996,0.09999999999999987,0.015699999999999978,1.0,-1.000088900581841e-12,3.10852
subject_25_task_3,25,3,,3,148,735.0,765.0,0.6841046277665996,10.0,1.275,eye,低,4.666666666666667,0,,,,,,8.99970656344891,2.955538009499941,2.3283066354641817,9.663609061846365,6.129585814982541,1.269393800834447,4.150488133587174,5.271940129492024,2.6013867595609144,1.513273204168726,5.702924717561167,2.5869982809991776,1.7190463376967762,3.768602194138439,13.82061456284418,4.1070269620711635,3.3963312285556237,9.401888785524644,4.244878825264542,1.2092539524826562,2.7682484872133735,11.27681883715393,6.347750424066851,7.658675423386389,15.48418658818815,10.117152414230766,0.8288313674559805,2.021783889797174,2994,3.243777853260869,0.18444862200914167,0.9609218436873748,0.884435537742151,0.06813627254509018,0.02404809619238477,6,1,470.9999999999994,2.999999999999996,0.09999999999999987,0.015699999999999978,1.0,-1.000088900581841e-12,3.10852
subject_25_task_3,25,3,,3,149,740.0,770.0,0.6885758998435054,10.0,1.2833333333333334,eye,低,4.666666666666667,0,,,,,,8.200849593355205,2.9722171206970915,2.226795861792041,9.360116496241531,5.860892332939297,1.3347506036342118,4.203401244292265,5.11827552094864,2.5839852653219846,1.4526104977189576,5.540099099922078,2.3754887608811535,1.7788562518167335,3.813891685776557,14.024577245690027,4.139087366690559,3.1312083195003004,8.873179709104793,4.14903435752804,1.3218818246341089,2.8337877278381898,11.718299064031592,7.416839966399828,7.648213660181445,14.450495873570352,9.893642544307225,0.9697480086119707,1.8893948986811557,2995,3.231332993197279,0.17506317432569318,0.9622704507512521,0.8757929883138564,0.07445742904841403,0.025375626043405677,6,1,420.977326968972,2.681384248210013,0.08937947494033377,0.014032577565632401,1.0,-1.000088900581841e-12,3.10852
subject_25_task_3,25,3,,3,150,745.0,775.0,0.6930471719204113,10.0,1.2916666666666667,eye,低,4.666666666666667,0,,,,,,8.918785124642973,2.9747231322870826,2.3679959013617875,10.527321317162656,6.643702327852255,1.2562197132927377,4.445667034773414,4.970201815924168,2.617234957503872,1.66111796438406,5.939299504260706,2.554551442149149,1.5755864505832005,3.5754832778916996,14.545382548954532,4.290991276859002,3.4474733342375607,9.643406282791009,4.308410179907135,1.244677147824261,2.797238831993383,11.006621847467743,7.423142312702694,7.6193650250166804,15.731975041070312,9.674373516386991,0.9742468418733414,2.0647357082141986,2995,3.2346753378378374,0.17972871393180045,0.9706176961602672,0.9001669449081803,0.0671118530884808,0.019365609348914858,6,1,255.66776639056403,1.6284571107679238,0.05428190369226413,0.008522258879685468,1.0,-1.000088900581841e-12,3.10852
subject_25_task_3,25,3,,3,151,750.0,780.0,0.6975184439973172,10.0,1.3,eye,低,4.666666666666667,0,,,,,,8.499338819237876,2.9569306200692917,2.337761421733116,10.280012926971102,6.535611483019567,1.2648555975729765,4.397374698462575,5.132316111506098,2.6869743615843995,1.6941832609950582,5.8818437878956145,2.387122169419435,1.5859998286172639,3.4717872164791572,15.131779466722351,4.328084471262657,3.2830338101389485,9.206089402487326,4.136774802811079,1.3183185801791906,2.8041409059073,10.89264733934128,7.382106723964504,7.721656672819003,15.985814534051917,10.293647820155778,0.9560262825398922,2.070257097848389,2995,3.2375797979797984,0.1730808111555378,0.9796327212020033,0.9101836393989984,0.06277128547579298,0.01302170283806344,6,1,90.35820581215606,0.5755299733258348,0.019184332444194492,0.0030119401937385355,1.0,-1.000088900581841e-12,3.1085199999999995
subject_25_task_3,25,3,,3,152,755.0,785.0,0.7019897160742231,10.0,1.3083333333333333,eye,低,4.666666666666667,0,,,,,,9.513866708905772,2.815130633905028,2.3068015303682947,9.757406685016392,5.957616919351658,1.2203610049866644,4.229842297468289,5.714961016486217,2.6535723110609886,1.654680086322332,5.35698477494262,2.0585593341451536,1.6036769481880813,3.2374746147147855,15.759470622738418,4.243883375490677,3.2746640413361625,9.049768192905107,3.8854080030163884,1.2959751968202038,2.763571492730145,13.202824846404974,7.996312881542646,8.137695111299363,16.402382534794064,10.458686910119381,0.9826262562282033,2.0156054399259817,2995,3.2445775455158468,0.17099975016946867,0.9782971619365609,0.9105175292153589,0.06176961602671119,0.014357262103505844,6,0,0.0,0.0,0.0,0.0,,,
subject_25_task_3,25,3,,3,153,760.0,790.0,0.706460988151129,10.0,1.3166666666666667,eye,低,4.666666666666667,0,,,,,,9.72532195485948,2.757747038643641,2.3332864437559953,9.259935376310473,5.712013295376608,1.1819153392090054,3.968623484309257,5.891144878327254,2.756228800229233,1.686581541204216,5.137170054176538,1.8001536271868581,1.6342102251761221,3.045906722368495,12.92469168911888,3.8216513922661743,3.3779653729907637,8.935777958278381,3.8447873897728413,1.131347118837569,2.64531366417379,12.242422087867979,8.300084212124984,8.39103647163099,15.936653801211255,9.912006584892765,0.9891607836751153,1.8992473522300877,2995,3.2008128792987183,0.152894034823658,0.9803005008347245,0.9128547579298831,0.06143572621035059,0.012353923205342237,6,0,0.0,0.0,0.0,0.0,,,
subject_25_task_3,25,3,,3,154,765.0,795.0,0.7109322602280349,10.0,1.325,eye,低,4.666666666666667,0,,,,,,10.735639572982427,2.8991553541262216,2.371236880123581,10.347215277718469,6.480887233527728,1.2226342203209692,4.36363627963614,6.359702727972326,2.8584466304184164,1.7162287382612738,5.378688139533232,2.0807278299193936,1.6655394276373285,3.1340158917175738,13.611411994937878,3.7231189838886163,3.3586243090215113,9.204978614095985,3.9915429064884407,1.1085249915830258,2.7406990979523185,12.86843657486476,7.855839533266635,7.42761154152235,15.791543327060728,9.681983614651534,1.0576535255445676,2.1260593986077145,2995,3.2039421515561566,0.15674446328616648,0.9759599332220368,0.915525876460768,0.05642737896494157,0.015692821368948246,6,0,0.0,0.0,0.0,0.0,,,
subject_25_task_3,25,3,,3,155,770.0,800.0,0.7154035323049408,10.0,1.3333333333333333,eye,低,4.666666666666667,0,,,,,,10.000585343668936,2.9502330080774524,2.4848465237439816,11.715107786745559,7.238218506641175,1.1872898305333808,4.714620269220534,6.150941587333207,2.945262495862675,1.7904629672412866,5.769856423668942,2.4261895247309284,1.6449725851636479,3.222549993624852,13.15178713077905,3.683254756975706,3.653324175379476,10.633941069780198,4.674874758725807,1.0081926979811806,2.910757589333182,11.591185612080688,7.721699380652663,7.284385807846085,15.935897798310506,9.821096735398276,1.0600343782361916,2.187678991569309,2994,3.2096981132075473,0.16559376013962696,0.9809619238476954,0.9195056780227121,0.055444221776887105,0.011356045424181697,9,1,43.62982195845662,0.2292284866468824,0.00764094955489608,0.0014543273986152205,1.0,-1.000088900581841e-12,3.24858
subject_25_task_3,25,3,,3,156,775.0,805.0,0.7198748043818466,10.0,1.3416666666666666,eye,低,4.666666666666667,0,,,,,,10.07541818756918,2.936338503812202,2.31828365042149,12.146799709255768,7.081427707053109,1.2666001864259977,5.2395657912901825,5.985053362673274,3.0243824081648865,1.7361920719799813,5.986786113543535,2.5006474159873004,1.7419630333387206,3.4482279985970146,12.02231524474611,3.641105670939594,3.330282613391022,11.00145235614058,5.083571946067929,1.0933323365106484,3.3034590853953016,12.048658344154495,8.069472278323751,6.364278573510521,16.408299622060706,9.361541544460295,1.2679319714115922,2.5781868962109127,2994,3.1968534686971237,0.15723297699966335,0.9709418837675351,0.905811623246493,0.05978623914495658,0.013694054776219105,6,1,102.46183646554532,0.5383283877349141,0.017944279591163802,0.0034153945488515107,1.0,-1.000088900581841e-12,3.24858
subject_25_task_3,25,3,,3,157,780.0,810.0,0.7243460764587525,10.0,1.35,eye,低,4.666666666666667,0,,,,,,9.72910487063677,2.9519094012863696,2.7078833296531704,12.496535912173833,7.7222532029012285,1.0901169075347328,4.614872352633601,5.791951072301891,3.079524988555981,1.9530359889028526,6.258145287570632,2.782047336313505,1.5767886542049594,3.2043164197328693,11.676999145886402,3.5884545142710427,3.605307167100037,12.781898524038706,6.3713937386001085,0.9953255986111857,3.5453008389074228,10.87221335673925,7.8449012055360425,6.565120683792235,15.72301628348949,9.415786751838738,1.1949363284216983,2.3949317980255844,2994,3.2047072758037225,0.15733781753453366,0.9709418837675351,0.9078156312625251,0.06078824315297261,0.013694054776219105,6,1,161.293850972634,0.8474282888229457,0.028247609627431523,0.0053764616990878,1.0,-1.000088900581841e-12,3.24858
subject_25_task_3,25,3,,3,158,785.0,815.0,0.7288173485356584,10.0,1.3583333333333334,eye,低,4.666666666666667,0,,,,,,9.187213465799783,3.06529596881875,2.5664146437438586,12.644739126172478,7.762261043327724,1.1943884345777924,4.927005523833229,5.265496969729234,3.02203495156146,1.9379223261641643,6.312014446293367,2.826952380917201,1.5594200607323303,3.2571039412023715,11.646700860704376,3.5930299387732303,3.366228095021528,12.700829114305922,6.944478662512353,1.067375661229591,3.773015005456633,10.886794541220686,7.41127057291023,6.315597613570087,16.056570167219505,9.088753911618179,1.1734868220524235,2.5423675081387955,2994,3.222416948008102,0.15862859375356758,0.9756179024716098,0.9181696726786908,0.053440213760855046,0.01169004676018704,6,1,220.1258654797227,1.1565281899109774,0.03855093966369925,0.0073375288493240905,1.0,-1.000088900581841e-12,3.2485799999999996
subject_25_task_3,25,3,,3,159,790.0,820.0,0.7332886206125643,10.0,1.3666666666666667,eye,低,4.666666666666667,0,,,,,,8.001089075861975,2.881731572760742,2.6266618758490177,12.16847240225544,7.682379995801073,1.0971079297480109,4.632675607827222,4.891385328745723,2.9721365994311975,1.8534450328568293,6.122491663161952,2.771109996821894,1.603574180373755,3.3033036074045192,10.780325714979533,3.4292413726885815,3.125007281593911,13.055282539974666,7.120753275628594,1.0973546823031708,4.177680678336152,10.470230252344372,7.153680535136434,6.8957738828105235,15.98088736807624,9.84905519164691,1.0374006828977975,2.3174900511040075,2994,3.243129742547426,0.17014151554802878,0.9706078824315297,0.9101536406145625,0.058450233800935204,0.014362057448229793,6,1,278.9578799868114,1.465628090999009,0.048854269699966965,0.00929859599956038,1.0,-1.000088900581841e-12,3.24858
subject_25_task_3,25,3,,3,160,795.0,825.0,0.7377598926894702,10.0,1.375,eye,低,4.666666666666667,0,,,,,,8.488988899921218,3.042951839352907,2.4349143276088108,11.134484783291981,7.128622230428198,1.249716182967807,4.572844578982176,4.605281930707311,2.9209521789263224,1.7212561069796621,6.006751982828793,2.6337602901202963,1.6969887090491151,3.4897491189553507,10.630693871698158,3.627764192380256,2.9190546674558018,12.667330796531829,7.103873094279378,1.2427873423631883,4.3395318826188545,11.26869330651143,7.4854167749769145,6.649325556357726,16.091190550816062,9.812723119251721,1.125740755439439,2.4199733363078506,2995,3.236064461694229,0.17065079653433887,0.9712854757929883,0.891151919866444,0.07245409015025042,0.01302170283806344,3,1,337.7898944939001,1.7747279920870407,0.05915759973623469,0.01125966314979667,1.0,-1.000088900581841e-12,3.2485799999999996
subject_25_task_3,25,3,,3,161,800.0,830.0,0.7422311647663761,10.0,1.3833333333333333,eye,低,4.666666666666667,0,,,,,,8.297839334849614,3.139169448734758,2.488750114055471,10.187501047135441,6.838496116674819,1.2613437689087295,4.093420624915489,4.6782022245569435,3.0255606720453563,1.7065106816253681,5.6476288218735435,2.3969195158373724,1.7729514995849058,3.3094599891366943,10.453644014481924,3.6586125038480115,2.8824990086778897,12.030631731089244,6.76172621540911,1.2692502210178036,4.173681133929448,11.243718466047547,7.909113849671658,6.9327982323406205,15.484466021872516,9.638339062302293,1.1408256211433718,2.233508823268425,2995,3.2688137023287207,0.18018215253008055,0.9696160267111853,0.8774624373956594,0.08113522537562605,0.01302170283806344,3,1,352.99208704253215,1.8545994065281899,0.06181998021760633,0.011766402901417738,1.0,-1.000088900581841e-12,3.24858
subject_25_task_3,25,3,,3,162,805.0,835.0,0.746702436843282,10.0,1.3916666666666666,eye,低,4.666666666666667,0,,,,,,8.07387771899502,3.3828550282918295,2.2186985199720213,10.112085253517243,6.736222092310882,1.5247024315563562,4.557665299044217,4.5863313483674615,2.9828596902752604,1.5554801438616497,5.532240361350111,2.3504342332088175,1.9176456234728814,3.556612653129547,11.287124570637667,3.836395962787309,2.827358977876778,11.74339928803266,6.591905747825346,1.3568832231088934,4.153487187131588,12.336654045123504,7.380132702398819,7.049870210550073,15.608089106057678,9.63878475329935,1.046846605963683,2.2139541069423236,2995,3.32513810483871,0.22525578084256884,0.9742904841402337,0.8791318864774624,0.08347245409015025,0.01302170283806344,3,1,352.99208704253215,1.8545994065281899,0.06181998021760633,0.011766402901417738,1.0,-1.000088900581841e-12,3.24858
subject_25_task_3,25,3,,3,163,810.0,840.0,0.7511737089201878,10.0,1.4,eye,低,4.666666666666667,0,,,,,,7.78256906524811,3.1843140464522093,2.066390881334666,9.743120948091033,6.773478431232913,1.5410027576174192,4.7150425585492455,4.326149494885358,2.88417622804288,1.4148697118131544,5.6722184615001,2.467711266842048,2.0384747824920293,4.009004090016993,9.77721376042858,3.7889106306461047,2.617296873633764,10.753418646952522,5.7630933727880045,1.447642668592544,4.108597215425108,10.853270009919937,7.67621929227904,6.933704294626061,15.986686278060189,9.84484368628535,1.107087779648818,2.3056486978325,2995,3.336650573936529,0.23667646807052842,0.9606010016694491,0.8607679465776293,0.09081803005008347,0.01969949916527546,3,1,352.99208704253215,1.8545994065281899,0.06181998021760633,0.011766402901417738,1.0,-1.000088900581841e-12,3.24858
subject_25_task_3,25,3,,3,164,815.0,845.0,0.7556449809970937,10.0,1.4083333333333334,eye,低,4.666666666666667,0,,,,,,8.278259326089175,3.2641353375961697,2.102041434891504,11.085769354269363,7.658219674557661,1.5528406259815932,5.273811053511203,4.427372688417898,2.78255825765611,1.446279755198718,6.422663297789936,2.7670571849638144,1.9239419259338164,4.440816705553252,9.790680980197028,3.7415068968996907,2.740635419346916,11.586024482699822,5.69574079417673,1.3651968702175201,4.227495711728316,10.698616824864432,7.41375429892858,6.579975198196284,16.455924839913088,10.286912650625814,1.1267146266692392,2.5009098582049396,2995,3.3297334459459456,0.2378785566950778,0.9599332220367279,0.849415692821369,0.1005008347245409,0.02003338898163606,3,1,350.87413452027755,1.843471810089024,0.0614490603363008,0.011695804484009252,1.0,-1.000088900581841e-12,3.24858
subject_25_task_3,25,3,,3,165,820.0,850.0,0.7601162530739995,10.0,1.4166666666666667,eye,低,4.666666666666667,0,,,,,,7.892209572400678,3.292232135483982,2.0301668612889276,11.668255613556653,8.155420698164107,1.6216559329481839,5.747436743277655,4.075043592700118,2.777974875782459,1.4574010555824606,6.3036554012560755,2.8246143708899667,1.9061155919584687,4.32527160393525,8.715813204423569,3.8627841878376126,2.891666163112813,11.246983837784462,5.724121212774852,1.3358333811533116,3.8894475376359976,10.65861566309229,7.128343189554943,5.869239277469698,16.36124749085517,9.917874865586734,1.2145259125690409,2.787626593051205,2995,3.361838047138047,0.23191778044830422,0.9666110183639399,0.8540901502504173,0.0974958263772955,0.01669449081803005,3,1,292.0421200131889,1.5343719090009924,0.05114573030003308,0.009734737333772963,1.0,-1.000088900581841e-12,3.24858
subject_25_task_3,25,3,,3,166,825.0,855.0,0.7645875251509054,10.0,1.425,eye,低,4.666666666666667,0,,,,,,6.90287419603407,3.2444949900487274,1.993862291701552,11.931783445840999,8.186241779288027,1.6272412611203413,5.984256533413085,3.9977101234237034,2.5874427525574335,1.3638403390359628,6.030114365757446,2.7233355341001704,1.8971742355020678,4.4214225031794125,8.432345112303521,3.9644598819548,2.9401330832575647,11.248024801573894,5.493018008628898,1.3483947051683514,3.825685600976768,11.986563093335482,7.120729428687468,6.065023966038758,16.218865484420544,9.69417423171056,1.1740645162426655,2.6741634617172916,2994,3.3785581081081077,0.21781798802176186,0.9635938543754174,0.8744154976619907,0.08283233132932531,0.017702070808283232,6,1,233.21010550610018,1.2252720079129606,0.04084240026376536,0.007773670183536673,1.0,-1.000088900581841e-12,3.24858
subject_25_task_3,25,3,,3,167,830.0,860.0,0.7690587972278113,10.0,1.4333333333333333,eye,低,4.666666666666667,0,,,,,,8.104804914282058,3.2453483443019504,2.1689119394946794,11.567566977517384,7.9248115652075155,1.4963024939860228,5.333350223620621,4.011835727756134,2.5762508319995363,1.4664996696667958,5.941031302385272,2.6478421808343233,1.7567346827871346,4.051164432744221,9.708527492168876,4.02937132023531,3.1431170710060425,10.764257859912373,5.370455029021585,1.2819666685038864,3.424707898795183,13.169893690788284,7.519685023683735,6.321951333856134,15.600158508691896,9.537542900675847,1.1894563286834148,2.4676176207095906,2994,3.3559030405405403,0.20931630055446812,0.9632598530394122,0.8901135604542418,0.07080828323313293,0.01903807615230461,6,1,174.37809099901148,0.916172106824929,0.030539070227497633,0.005812603033300383,1.0,-1.000088900581841e-12,3.24858
subject_25_task_3,25,3,,3,168,835.0,865.0,0.7735300693047172,10.0,1.4416666666666667,eye,低,4.666666666666667,0,,,,,,7.181334608483563,3.0688955436844467,2.297396083885547,11.520626531861954,7.905314722294717,1.3358147361747374,5.014645325057451,3.70938854662891,2.373318199555133,1.5054545242755453,5.736228950425915,2.589855070001117,1.576479502559017,3.8102970617370877,8.483721979998716,3.806315145296586,3.0726003230501266,11.284836241141194,5.620937765736263,1.238792796037368,3.672731580636852,12.637687179187111,7.05244893873369,5.992044973788322,14.822515915717183,9.38628251668149,1.1769686258337533,2.4736990427403307,2994,3.326679904955873,0.17531706048733436,0.9662658650634602,0.8897795591182365,0.06880427521710086,0.019372077488309953,6,1,115.54607649192278,0.6070722057368972,0.02023574019122991,0.0038515358830640925,1.0,-1.000088900581841e-12,3.24858
subject_25_task_3,25,3,,3,169,840.0,870.0,0.778001341381623,10.0,1.45,eye,低,4.666666666666667,0,,,,,,7.719357046797508,3.1248400909211878,2.6238529824201993,11.453186396729626,7.346433407376163,1.1909356628811139,4.365025965046789,3.953558735832154,2.5564456391888606,1.6639199661078194,5.754833055937883,2.366042378743974,1.5363994009692692,3.4585996761607336,9.939215127270042,3.8615445802711603,4.063083501423316,13.543362991085434,8.35483552841396,0.950397543865009,3.3332721285056373,13.871229926615683,7.8085097690564185,6.08087238232778,15.772756230386333,9.443148375610532,1.284110120736869,2.5938311542641626,2994,3.278090477804134,0.17301108697933676,0.9736138944555778,0.8991315965263861,0.06412825651302605,0.017702070808283232,6,1,56.71406198483409,0.2979723046488656,0.009932410154962186,0.001890468732827803,1.0,-1.000088900581841e-12,3.24858
subject_25_task_3,25,3,,3,170,845.0,875.0,0.7824726134585289,10.0,1.4583333333333333,eye,低,4.666666666666667,0,,,,,,50.07455845836314,3.747357334968673,2.596024148493231,10.464033165039707,7.209534176611287,1.4434986427779155,4.030791921220447,31.172912009681323,2.901111788830606,1.763176397948313,5.787131147176685,2.362816632012394,1.6453894188955966,3.282219041674316,155.90833719386666,5.534221618532102,4.1489001764555,15.930932127658927,10.751600535849576,1.3339008853329686,3.839796440045729,72.90013007583006,8.639432136384352,5.85051269184052,15.91745839010631,10.503959680386773,1.4766965890755912,2.7206946174658784,2995,3.295544682296976,0.201942381173855,0.9679465776293823,0.8998330550918197,0.06176961602671119,0.020701168614357262,3,0,0.0,0.0,0.0,0.0,,,
subject_25_task_3,25,3,,3,171,850.0,880.0,0.7869438855354348,10.0,1.4666666666666666,eye,低,4.666666666666667,0,,,,,,51.27085169106047,3.6652920188716323,2.903913750822003,10.012882343721111,6.825248900937082,1.262190386279244,3.4480646475422323,29.388897754847438,3.303761635431602,2.166161681499095,5.943933301245212,2.3805821686385316,1.5251685336549898,2.743993374091866,195.82347044880154,6.278717982165617,4.883544440996938,18.428508676218392,12.731925224231892,1.2856887160596546,3.7735929095909597,84.86855463441591,10.046679902621436,6.454786949716069,16.68555066092161,10.491882369803184,1.5564696373229432,2.584988596975392,2995,3.3229918450560647,0.23408216831751383,0.9629382303839733,0.8774624373956594,0.07679465776293823,0.022370617696160267,6,0,0.0,0.0,0.0,0.0,,,
subject_25_task_3,25,3,,3,172,855.0,885.0,0.7914151576123407,10.0,1.475,eye,低,4.666666666666667,0,,,,,,56.87956605544704,3.976731349720202,2.9000766829625007,9.379578478222678,6.435265822204407,1.3712504131642036,3.234251884898852,35.8809626581544,3.820482235913954,2.6303465369459507,6.776243618711622,2.653329514625428,1.4524634614684075,2.5761790408724625,169.3153134962954,6.563049963478312,5.341054966378864,19.8308408993289,13.465487938738946,1.2287928143019913,3.7129070987213306,87.99156108672116,9.97635918814658,6.497600462776131,17.26998736252008,11.167715097798833,1.5353912948787456,2.657902322781693,2995,3.4207560975609757,0.3078686861074787,0.968948247078464,0.8734557595993322,0.08313856427378966,0.019365609348914858,6,0,0.0,0.0,0.0,0.0,,,
subject_25_task_3,25,3,,3,173,860.0,890.0,0.7958864296892466,10.0,1.4833333333333334,eye,低,4.666666666666667,1,83.0,,83.0,83.0,,52.85449536367465,4.029258678964342,2.999889831978967,8.967092950570937,6.092369381814565,1.3431355498499493,2.9891407527640856,31.363103144610577,4.386532793560981,2.7241664651310984,6.644385141696333,2.749750488277959,1.6102293489432125,2.439052542032,200.03021947721015,7.785785817588608,5.910267388562328,20.95350083097439,14.377686511103846,1.3173322467027164,3.545271212521457,90.93358768462667,10.944514751245618,7.930564354670191,19.345573384523345,11.758718744804577,1.3800423603902232,2.4393690687512075,2995,3.5039265306122456,0.3266695979791027,0.9669449081803005,0.8771285475792988,0.08113522537562605,0.022036727879799666,6,0,0.0,0.0,0.0,0.0,,,
subject_25_task_3,25,3,,3,174,865.0,895.0,0.8003577017661525,10.0,1.4916666666666667,eye,低,4.666666666666667,1,83.0,,83.0,83.0,,58.17524957087216,4.503890883083726,2.823697350992616,8.480361926374085,5.9311778808243965,1.5950331509502855,3.003282884900175,37.78511467621117,4.603897048469637,3.0188648882404583,6.917065914582245,3.063884784672909,1.5250424311480242,2.291280388707243,173.1292636564301,8.740864505770844,6.553714054566956,20.679898198195893,13.711326458748903,1.333726865864673,3.155447129064947,92.29597886582071,11.790327624449608,8.243243977928344,19.065869482255767,11.5643391335312,1.4303019122106224,2.312908550724143,2995,3.553462767766066,0.32643843226383057,0.9552587646076794,0.8667779632721202,0.08681135225375626,0.02270450751252087,9,1,49.691372783427916,0.2155807929866721,0.00718602643288907,0.0016563790927809304,1.0,-1.000088900581841e-12,3.41097
subject_25_task_3,25,3,,3,175,870.0,900.0,0.8048289738430584,10.0,1.5,eye,低,4.666666666666667,1,83.0,,83.0,83.0,,49.481548359422796,4.276458293280765,2.889632789724418,8.319146768541417,5.589919699244742,1.4799313976806745,2.878963305692142,28.187210908929192,4.69410821837145,2.935483053570897,6.6325796106858474,3.0272299751312364,1.5990922559274379,2.259450826199654,196.3827573395643,9.796314353975333,6.366043708694285,19.07820602087948,11.42232117063084,1.5388386888698597,2.9968700960729877,91.21827502291454,11.946605841476625,8.893978376418907,18.9862790223096,11.25715203482486,1.3432240709232346,2.134734110963094,2995,3.607400816604287,0.28788738357594906,0.9499165275459098,0.8550918196994992,0.09649415692821368,0.022036727879799666,9,1,461.0000000000005,2.000000000000002,0.06666666666666674,0.015366666666666683,1.0,-1.000088900581841e-12,3.41097
subject_25_task_3,25,3,,3,176,875.0,905.0,0.8093002459199642,10.0,1.5083333333333333,eye,低,4.666666666666667,1,83.0,,83.0,83.0,,12.53565622982898,3.645402685932322,2.7081198928316614,7.518556646237801,4.830621087277407,1.346100922481914,2.776301250967237,8.966340885170682,4.217176570143904,2.887349343136759,6.420908583828925,2.7945890048842106,1.4605702563038137,2.223807312783765,26.566677644545315,8.46528319722852,6.480709158027061,18.76392144267888,10.603738136789875,1.3062279128424314,2.895350028081067,28.52548472297799,11.146115789469789,8.95161479691911,18.9828188524731,10.778378614416468,1.2451514103696648,2.120602738514446,2994,3.612730050933786,0.27715478453232917,0.9515698062792252,0.8380093520374081,0.11022044088176353,0.0197060788243153,9,1,461.0000000000005,2.000000000000002,0.06666666666666674,0.015366666666666683,1.0,-1.000088900581841e-12,3.41097
subject_25_task_3,25,3,,3,177,880.0,910.0,0.8137715179968701,10.0,1.5166666666666666,eye,低,4.666666666666667,1,83.0,,83.0,83.0,,9.381993041793795,3.3792015343908,2.526236076855062,7.035019247258821,4.456073599495257,1.3376428138884011,2.784782986717849,7.28853942527904,3.9009056845388357,2.462972353729422,5.498792856424011,2.5113665484390264,1.583820329380515,2.2325840759429405,18.34222543185845,7.71268496474158,6.016532460495686,16.81082007894679,9.10369394625943,1.281915291803504,2.794104442937185,22.64017869736105,10.360275614345154,8.854136601815146,18.308307706355716,10.298316391568783,1.1701056896074138,2.0677688327738712,2994,3.554997283531409,0.29963884509959365,0.9555778223112893,0.8667334669338678,0.09118236472945891,0.01903807615230461,9,1,461.0000000000005,2.000000000000002,0.06666666666666674,0.015366666666666683,1.0,-1.000088900581841e-12,3.41097
subject_25_task_3,25,3,,3,178,885.0,915.0,0.818242790073776,10.0,1.525,eye,低,4.666666666666667,1,83.0,,83.0,83.0,,7.388215736975474,3.005021480736675,2.19720752237914,6.325214051261543,3.8694444615155277,1.3676548301103724,2.878751318133387,7.03320947692638,3.252583223365704,2.0511861923644052,4.88531719693449,2.193321763171265,1.5857084234837047,2.3817034334182883,16.215909538198147,6.928693750768867,5.368024912600829,15.520951667820734,8.465254919812713,1.290734276307948,2.891371020165548,18.128199656141117,9.933478376327386,8.126117940151145,17.285808969487686,9.769989951523153,1.222413758880618,2.127191494979234,2994,3.4569673247106874,0.28141517393995324,0.9452237808951236,0.8413493653974616,0.10487641950567803,0.02338009352037408,9,1,461.0000000000005,2.000000000000002,0.06666666666666674,0.015366666666666683,1.0,-1.000088900581841e-12,3.41097
subject_25_task_3,25,3,,3,179,890.0,920.0,0.8227140621506819,10.0,1.5333333333333334,eye,低,4.666666666666667,0,,,,,,8.039063429462267,2.8993108217330628,2.151125005462054,6.510095013901163,4.046524120528357,1.3478114076919028,3.0263675971275403,6.673563939171063,2.9140053808659023,1.9170539616659725,4.74176334641876,2.2027245235563435,1.5200434829354263,2.473463679811098,14.057128559347724,5.974833042421964,4.8918229929603925,14.735827060402455,7.833422374099955,1.2213919127940818,3.012338566135393,17.0220622884317,7.942351013595221,6.7575521743352995,15.774145082729481,8.582385957585945,1.1753295880954797,2.3342986743984837,2994,3.404329491525424,0.24801114878177016,0.9502338009352037,0.8142952571810287,0.12324649298597194,0.019372077488309953,6,1,461.0000000000005,2.000000000000002,0.06666666666666674,0.015366666666666683,1.0,-1.000088900581841e-12,3.41097
subject_25_task_3,25,3,,3,180,895.0,925.0,0.8271853342275878,10.0,1.5416666666666667,eye,低,4.666666666666667,0,,,,,,6.516594449163467,2.5689034433706475,1.8046937527309577,4.927601019432822,2.7580338278501793,1.4234567164003573,2.7304361263378434,5.2674977161491405,2.6141124935043196,1.5425953468596871,3.901246976563994,1.4098400894619985,1.6946197191803771,2.529015133168846,11.792443237215135,4.960708638198756,4.256576906842209,13.286903977506428,6.815403392854668,1.1654220625556406,3.1214998033157757,14.116971469790078,7.958612483786685,6.0438264548941945,14.49152556570086,8.062801530509672,1.3168168449545614,2.3977401856014335,2994,3.3397347560975614,0.21298878866804244,0.957247828991316,0.8253173012692051,0.11556446225784903,0.020374081496325986,9,1,411.3086272165726,1.78441920701333,0.059480640233777665,0.013710287573885753,1.0,-1.000088900581841e-12,3.4109700000000003
subject_25_task_3,25,3,,3,181,900.0,930.0,0.8316566063044937,10.0,1.55,eye,低,4.666666666666667,0,,,,,,6.833133602281993,2.6763681458141,1.7715486601108752,4.88985836434772,2.7610110362833082,1.5107505687405702,2.760216794745949,5.24378440529631,2.490035439976824,1.4760753812730822,3.687467725194367,1.468720637013104,1.6869297270097574,2.4981567824903412,9.981734986461353,4.0234961968771445,3.705578693739601,11.983704515010146,6.144542516452042,1.0857942927172617,3.2339630339671492,14.017708710522308,7.4390652105061505,5.508847275786746,13.8531833927729,7.402813566377695,1.3503850874943235,2.5147154566550327,2995,3.3169811066126855,0.1894973447106036,0.9642737896494157,0.8347245409015025,0.10851419031719532,0.018030050083472453,6,0,0.0,0.0,0.0,0.0,,,
subject_25_task_3,25,3,,3,182,905.0,935.0,0.8361278783813995,10.0,1.5583333333333333,eye,低,4.666666666666667,0,,,,,,7.583285197622244,2.5789961799696313,1.855597366203356,5.175588057907455,3.0032447313899766,1.3898468638411494,2.7891762254960324,5.169720366072923,2.1532563417911503,1.3863448137826595,4.035037096712967,1.5935832614307266,1.5531895964005975,2.9105580780464835,9.253580372399568,3.62987973844747,3.519984026918052,11.996103899673141,6.3384146701438295,1.0312205142662645,3.4079995272525196,11.2453101320913,7.421885961911511,5.290787199475039,14.303469565638146,7.403004722028709,1.4027942689979902,2.703467182928348,2995,3.307066174000672,0.18736463927946997,0.9642737896494157,0.8263772954924875,0.11252086811352253,0.013689482470784642,6,0,0.0,0.0,0.0,0.0,,,
subject_25_task_3,25,3,,3,183,910.0,940.0,0.8405991504583054,10.0,1.5666666666666667,eye,低,4.666666666666667,0,,,,,,7.8466169788965345,2.605436631449958,2.0009760098132605,5.36130735319707,3.221197151001312,1.3020828928844121,2.6793461425344174,5.675452040772471,2.079808317708697,1.3805724933207195,4.073432447720035,1.582224772437567,1.5064825119802954,2.950538611646625,9.01009226779906,3.446896180247828,3.6110116181146923,12.313795109587304,6.588100493576919,0.9545513957796268,3.4100679842221973,10.929396792595329,6.850525418233005,5.232185042380138,13.68432316729376,7.386858021325434,1.309304881754847,2.615412692107066,2995,3.3194914343298625,0.21224730708644746,0.9549248747913188,0.7929883138564274,0.1348914858096828,0.014691151919866445,6,0,0.0,0.0,0.0,0.0,,,
subject_25_task_3,25,3,,3,184,915.0,945.0,0.8450704225352113,10.0,1.575,eye,低,4.666666666666667,0,,,,,,9.052383840240275,2.5790815113795365,2.0178338024200047,5.413089865990959,3.3259445711282623,1.2781436748093042,2.682624237684489,4.900022481822933,2.1277905263008,1.3765213427784768,4.155581517951622,1.6487677034151849,1.5457737269847944,3.0189008980882748,8.60026061784183,3.396260345655711,3.7293071704730023,12.789148493594581,6.8938897195944895,0.9106947189938635,3.4293631253690706,12.50147754531479,7.9514701565058985,5.649567264956453,15.67962738841372,9.360645761995833,1.4074476475088378,2.7753678561670476,2995,3.3274079919409,0.23027070521193402,0.9509181969949917,0.7986644407345576,0.1302170283806344,0.01669449081803005,3,0,0.0,0.0,0.0,0.0,,,
subject_25_task_3,25,3,,3,185,920.0,950.0,0.8495416946121171,10.0,1.5833333333333333,eye,低,4.666666666666667,0,,,,,,8.44817289269258,2.672472543624626,2.225775682890474,5.452359219999355,3.2450252063900353,1.2006926682539973,2.449644527034603,4.740034965793114,2.2351121376704772,1.4622615759053266,4.159426708848584,1.5622858315769177,1.5285309923340202,2.844516177807222,8.070115654349426,3.4745818196278613,3.7869858950241118,12.468287261361086,6.92169756714469,0.9175058782746638,3.2924039346815945,11.288785260819688,8.083716923333204,6.364360051911866,16.118285875708505,10.238121596834803,1.2701539286585208,2.532585482945224,2995,3.3318770987239756,0.2337708735122884,0.9509181969949917,0.823372287145242,0.11519198664440734,0.01669449081803005,3,0,0.0,0.0,0.0,0.0,,,
subject_25_task_3,25,3,,3,186,925.0,955.0,0.854012966689023,10.0,1.5916666666666666,eye,低,4.666666666666667,0,,,,,,8.477607967106662,2.68724139895053,2.3394831877800115,5.789030741117951,3.485237414165876,1.1486474504228066,2.4744912771146237,4.766713428471897,2.2893592987904925,1.6661637794120656,4.262058083365901,1.6792645924156642,1.3740301686298402,2.558006683394499,7.908090893962675,3.5949956951726736,3.8011235902920233,13.002946380829684,7.330989603813017,0.9457718513426411,3.420816522261705,10.342300118357448,8.447956556827464,7.405794619788236,17.966474512459232,11.332868444739182,1.140722500493678,2.4260022637480287,2995,3.3339310924369747,0.2333327793141617,0.9465776293823038,0.815025041736227,0.12353923205342238,0.01702838063439065,3,0,0.0,0.0,0.0,0.0,,,
subject_25_task_3,25,3,,3,187,930.0,960.0,0.8584842387659289,10.0,1.6,eye,低,4.666666666666667,0,,,,,,8.77766199799244,2.619839562485605,2.231146217846219,5.675054114361131,3.3955072178476127,1.1742124032617645,2.5435599285103785,4.9910245008551035,2.4369077897073983,1.6817397065345947,4.202211590711223,1.6461883403655522,1.4490398129023834,2.498728890316999,8.31990787994895,3.551527947160904,3.83347510917744,12.660155626448432,7.059418301793889,0.9264512866298396,3.302527149880193,10.448116474584364,8.23348446263627,8.256271643320774,18.960782872332473,13.272983420128659,0.9972400156306703,2.2965308908739117,2994,3.374204438466712,0.2485486764564472,0.9482297929191716,0.8109552438209753,0.12625250501002003,0.01503006012024048,3,0,0.0,0.0,0.0,0.0,,,
subject_25_task_3,25,3,,3,188,935.0,965.0,0.8629555108428348,10.0,1.6083333333333334,eye,低,4.666666666666667,0,,,,,,8.511665287512272,2.6951694589140893,2.1977210160339125,5.699085494090987,3.311949877881417,1.2263474022639556,2.593179685916534,4.835980135318083,2.5509433966881416,1.6959361680634004,4.080769349085057,1.5880632024646195,1.5041505952438523,2.406204564730117,7.820574788046848,3.633743546477565,3.8156669088967927,12.466935451644833,6.67300878530061,0.9523220011696916,3.2673018241126672,27.85893143021562,9.45642245082572,9.10039493568234,21.710377204627857,14.745485149234497,1.0391222048778792,2.385652200598702,2994,3.345047875927175,0.25392502591588045,0.9515698062792252,0.836005344021376,0.11155644622578491,0.017702070808283232,6,2,27.73709449929529,0.05827120693129262,0.0019423735643764207,0.0009245698166431762,0.5262605042016807,0.6917673176053053,3.2389538865546217
subject_25_task_3,25,3,,3,189,940.0,970.0,0.8674267829197406,10.0,1.6166666666666667,eye,低,4.666666666666667,0,,,,,,8.637615195371193,2.6796366485181307,2.447926812570076,6.086600008715138,3.5372772309002696,1.0946555406633185,2.4864305490917933,5.112384683669559,2.522395013318405,1.789725192399742,4.430675311091452,1.6772745947624539,1.4093755980136076,2.475617670191371,8.274621072389046,3.776608487009195,3.670014842809277,11.699446876960653,6.211815986879759,1.0290444722338845,3.1878472916488554,40.956133506012016,9.476708991736848,10.228701907798838,22.04940341513705,15.245648876868723,0.9264820773114293,2.155640433545684,2994,3.3256717428087987,0.2403488110611576,0.9522378089512358,0.8507014028056112,0.09853039412157649,0.021042084168336674,6,2,123.64682651622053,0.25976224058029523,0.008658741352676507,0.004121560883874017,0.5262605042016807,0.6917673176053053,3.238953886554622
subject_25_task_3,25,3,,3,190,945.0,975.0,0.8718980549966465,10.0,1.625,eye,低,4.666666666666667,0,,,,,,8.356814053705419,2.819721521332206,2.4846436815950983,6.3024530844795965,3.7180504276436235,1.1348595141505335,2.5365621361182584,5.136193671971253,2.7183460277257208,1.819547221312736,4.459082760375261,1.7146528415027344,1.4939683872367626,2.450655145491744,8.621162900836525,3.9283732260302475,3.6434270005139435,12.08924167197078,6.141290235997156,1.0782082982521974,3.318096306105616,30.166351846462504,9.135428436933234,10.517824544098078,21.73033477970507,15.049488638787645,0.8685663464560687,2.066048419860619,2994,3.33018270854441,0.21235232878106705,0.9635938543754174,0.8690714762859052,0.08984635938543754,0.01503006012024048,6,2,219.5565585331458,0.46125327422929785,0.015375109140976595,0.007318551951104859,0.5262605042016807,0.6917673176053053,3.2389538865546217
subject_25_task_3,25,3,,3,191,950.0,980.0,0.8763693270735524,10.0,1.6333333333333333,eye,低,4.666666666666667,0,,,,,,9.475797150043762,2.779189708101015,2.4344983638274837,6.450265544568365,3.7172467774597604,1.1415861885122043,2.6495255204966948,5.237102255581917,2.4723045040949305,1.7447853064921037,4.387272557076756,1.712013630871394,1.4169677466309631,2.514505676287119,9.345464240693719,3.9188242312924415,3.7814719274708226,11.980355773938932,6.053354601333698,1.036322444396271,3.168172606784841,41.31157287659568,8.666531199180286,10.589385265770135,21.596999747776312,14.796076060478498,0.8184168373960842,2.0394951364729317,2995,3.296936206311503,0.20663706947592345,0.9462437395659432,0.8467445742904841,0.1015025041736227,0.021368948247078464,6,2,315.466290550071,0.6627443078783004,0.02209147692927668,0.0105155430183357,0.5262605042016806,0.6917673176053053,3.2389538865546217
subject_25_task_3,25,3,,3,192,955.0,985.0,0.8808405991504583,10.0,1.6416666666666666,eye,低,4.666666666666667,0,,,,,,8.74094060461234,2.9049907276935136,2.391988607260229,6.37199882229952,3.8746676510011664,1.2144667908852937,2.6638917940324025,4.8262321935558345,2.518053901990941,1.658441422882318,4.50521259546852,1.8210410758332172,1.518325499621593,2.7165340501677804,9.120906737611929,4.057909717961001,3.7017146727501324,11.698904227744432,5.911281389395803,1.0962243383675596,3.1604013982668495,30.545655743513695,9.133443632946497,10.266420340702219,21.151207990303302,15.076286923200106,0.8896424780832394,2.0602320271699073,2995,3.301507936507937,0.202754903016242,0.9465776293823038,0.851085141903172,0.09649415692821368,0.018363939899833055,3,2,411.37602256699626,0.8642353415273031,0.028807844717576768,0.013712534085566542,0.5262605042016807,0.6917673176053053,3.238953886554622
subject_25_task_3,25,3,,3,193,960.0,990.0,0.8853118712273642,10.0,1.65,eye,低,4.666666666666667,0,,,,,,9.224164968398238,3.045949019347596,2.5755642120334397,6.646601659854664,4.079976180845742,1.182633694441181,2.58063908047825,5.09861013144159,2.693620878963331,1.722833217353524,4.6666865394765535,1.8580962524635842,1.5634832506312202,2.7087279792788865,9.344692840647104,4.066321802202995,3.821496735683559,11.234577490699596,5.576597712312936,1.0640652297916051,2.939836997843214,40.03985017606286,9.219660372236257,9.836729649405084,19.630552633697846,13.479851717972343,0.9372688587404507,1.9956381168699784,2995,3.2428588873812756,0.16240948855877493,0.9415692821368948,0.8621035058430718,0.08881469115191987,0.02270450751252087,3,2,507.2857545839215,1.0657263751763058,0.03552421250587686,0.016909525152797384,0.5262605042016807,0.6917673176053052,3.2389538865546217
subject_25_task_3,25,3,,3,194,965.0,995.0,0.8897831433042701,10.0,1.6583333333333334,eye,低,4.666666666666667,0,,,,,,8.156331892936358,3.0714017935107916,2.376077220628976,6.510557590366496,3.981887908734813,1.2926355115250652,2.74004461380387,4.689135561530512,2.679976093838954,1.5778044332866379,4.455576731830166,1.872029211645395,1.6985477016669566,2.8239093754788094,9.011725296707482,4.1120628497735865,3.585239216571295,10.903987681028816,5.308102486594764,1.1469423939042243,3.041355687126709,8.726256533230977,8.332486061044452,8.592950327319057,17.40040595585793,13.175440038956628,0.9696886102731763,2.02496293974118,2995,3.2388920838971584,0.16076128804618486,0.940567612687813,0.8614357262103506,0.08981636060100166,0.022036727879799666,3,2,575.4583921015515,1.2089462018940156,0.04029820672980052,0.01918194640338505,0.5262605042016807,0.6917673176053053,3.2389538865546217
subject_25_task_3,25,3,,3,195,970.0,1000.0,0.8942544153811759,10.0,1.6666666666666667,eye,低,4.666666666666667,0,,,,,,9.174052540805814,2.9589788488279383,2.2054165281757814,6.115351233253521,3.640788583348486,1.3416870740854876,2.7728781185438276,5.011997798684045,2.6200773521186624,1.6842584183366818,4.33880400946476,1.6841943572559392,1.5556266921949926,2.5760916271682466,8.966732044052415,3.9228781386376794,3.62331257311381,10.427148717652546,4.959784651608828,1.0826772627199612,2.8777944235408985,8.734426074464906,8.627728492920191,7.51265350175674,17.33800821110648,12.819922955457665,1.1484262505788008,2.3078407924779443,2995,3.2529534883720927,0.1521985491894918,0.9502504173622704,0.8707846410684474,0.08881469115191987,0.01669449081803005,3,2,575.4583921015515,1.2089462018940156,0.04029820672980052,0.01918194640338505,0.5262605042016807,0.6917673176053053,3.2389538865546217
subject_25_task_3,25,3,,3,196,975.0,1005.0,0.8987256874580818,10.0,1.675,eye,低,4.666666666666667,0,,,,,,8.500612036403218,2.8292782803487895,1.9937889053244287,5.442281610434951,3.1666518026571504,1.4190460548722987,2.7296177623926465,4.959184610870819,2.505082343972272,1.4836899868005766,4.018499455749903,1.562912191389257,1.6884135946581549,2.7084495356171945,8.655852325271205,3.962851699041745,3.427373118524237,9.43343095425973,4.336160001622919,1.1562358581921992,2.752379337771544,8.824897290292471,9.332785837449626,7.364959706238621,16.959262363853245,12.351788383934604,1.2671876303062626,2.302695878904483,2995,3.2294541765302673,0.1525146070345522,0.9495826377295492,0.8697829716193656,0.08781302170283806,0.01969949916527546,3,2,575.4583921015515,1.2089462018940156,0.04029820672980052,0.01918194640338505,0.5262605042016807,0.6917673176053053,3.2389538865546217
subject_25_task_3,25,3,,3,197,980.0,1010.0,0.9031969595349877,10.0,1.6833333333333333,eye,低,4.666666666666667,0,,,,,,8.728939907044563,2.825888615892818,1.9797697974261963,5.423651408333823,3.1007585756867164,1.4273824257580958,2.7395363922537115,4.906439156707305,2.515983130224719,1.534585974087527,4.072844331802632,1.424802216799134,1.6395191750144438,2.65403463903309,8.37920579238219,3.650328004363114,3.2375945749121056,9.055901328988217,3.99784843916676,1.1274815051425064,2.7971078896541783,9.513066942992,9.087005002030082,7.374121776912429,16.6717982965278,11.661100125077402,1.2322830130742488,2.2608520446089435,2994,3.2399353637901855,0.16252655285844858,0.9492317969271877,0.8687374749498998,0.08884435537742151,0.01903807615230461,3,2,575.4583921015515,1.2089462018940156,0.04029820672980052,0.01918194640338505,0.5262605042016807,0.6917673176053053,3.2389538865546217
subject_25_task_3,25,3,,3,198,985.0,1015.0,0.9076682316118936,10.0,1.6916666666666667,eye,低,4.666666666666667,0,,,,,,8.999024934536525,3.071792921396418,1.9520657864864894,5.660234772386377,3.257716726863019,1.573611372455494,2.899612713654593,5.322017867094672,2.6183369940918815,1.4983863325829228,4.432383802845225,1.4942970852042234,1.747437851744406,2.958104800118317,8.4458470809031,3.9207848373766248,3.399011122395242,9.80655609829498,4.615902532707633,1.1535075044454974,2.885120332111305,9.797623981948222,9.863590073529382,7.11060714028951,17.579191297104217,11.375914724130228,1.3871656637646534,2.4722489866580473,2994,3.211251444104655,0.1788452326561572,0.9482297929191716,0.8714094856379425,0.08750835003340013,0.02137608550434202,3,2,540.6239774330036,1.1357646584726966,0.037858821949089884,0.018020799247766787,0.5262605042016806,0.6917673176053053,3.238953886554622
subject_25_task_3,25,3,,3,199,990.0,1020.0,0.9121395036887995,10.0,1.7,eye,低,4.666666666666667,0,,,,,,8.587555344792573,2.9101248740408496,1.9232540821104527,5.3941223604321955,3.187595145532932,1.5131255412948192,2.804685252253847,5.025266902950635,2.4284587007248266,1.549498824132848,4.205234518091866,1.3685462022361492,1.5672543037158317,2.71393204860627,8.070112278150267,3.6842903170656864,3.4371789050130674,9.622215751548655,4.742611122624549,1.0718936717818823,2.799451532044147,10.649584703891968,9.489329763120926,7.526710698790747,17.322318051692132,10.887274912928715,1.2607538861093064,2.301445976191853,2994,3.2370351826792962,0.19077256623375285,0.9555778223112893,0.8610554442217769,0.09552438209752839,0.017034068136272545,3,2,444.71424541607837,0.934273624823694,0.0311424541607898,0.014823808180535946,0.5262605042016807,0.6917673176053053,3.2389538865546212
subject_25_task_3,25,3,,3,200,995.0,1025.0,0.9166107757657054,10.0,1.7083333333333333,eye,低,4.666666666666667,0,,,,,,8.55282929482819,2.8539616979326334,1.81892082230556,5.370807605626445,3.1033667956840563,1.5690411935111694,2.9527440335850996,4.762561931780294,2.3484619691733415,1.4017013904656013,4.1878101793116125,1.41824027439106,1.6754367122324507,2.9876621424485803,7.702604526283812,3.621651950050305,3.21108425117437,9.621217233895779,4.819356598481516,1.1278595224419232,2.9962518829510847,10.055744398912834,9.43568732368608,7.827835642391045,16.55134307332398,10.972238333079362,1.205401819193525,2.1144213840785633,2994,3.2474745762711863,0.1925225362288581,0.9522378089512358,0.8476953907815631,0.10420841683366733,0.01736806947227789,6,2,348.80451339915317,0.7327825911746915,0.024426086372489716,0.011626817113305106,0.5262605042016807,0.6917673176053053,3.2389538865546217
subject_25_task_3,25,3,,3,201,1000.0,1030.0,0.9210820478426113,10.0,1.7166666666666666,eye,低,4.666666666666667,0,,,,,,6.098903943591267,2.652115057241652,1.84479895066391,4.989850706615048,3.04982206634375,1.4376173925550009,2.7048208721168723,4.152264210189195,2.273181421552422,1.414932153233815,4.0316526402639585,1.3817482311476115,1.606565669143277,2.849361102615169,6.470813387665649,3.256724148728373,3.23902088128282,9.481419130183813,4.944047915260272,1.005465623129463,2.9272485351896465,10.087927899683157,9.097404348193946,8.231473113640932,15.607360507976509,10.661571361570546,1.1051976022515362,1.8960592220258234,2994,3.2821003389830508,0.21887266133185287,0.9519038076152304,0.8530394121576487,0.09986639946559786,0.017702070808283232,6,2,252.89478138222788,0.5312915575256888,0.017709718584189627,0.008429826046074262,0.5262605042016807,0.6917673176053053,3.238953886554622
subject_25_task_3,25,3,,3,202,1005.0,1035.0,0.9255533199195171,10.0,1.725,eye,低,4.666666666666667,0,,,,,,7.356192028764208,2.7527698108168326,1.8622013880706332,6.1170815459927965,3.804777173594123,1.4782342170139229,3.284865742867106,4.796794550983612,2.190903406916582,1.3706568112074542,4.855698092506546,1.8960773935468385,1.5984332394529501,3.542606765459408,7.546750251309744,3.3413630480694128,3.079373279237609,9.958887412970668,5.373436358607104,1.0850789251820316,3.234063073846081,10.383591751506103,7.622221952416532,7.126899776400102,16.049307950970633,11.212736027473392,1.0695003706459618,2.2519340041957716,2995,3.300408073270014,0.22696565880661684,0.9315525876460768,0.8320534223706177,0.11452420701168614,0.01969949916527546,6,2,156.98504936530264,0.32980052387668624,0.01099335079588954,0.005232834978843422,0.5262605042016807,0.6917673176053052,3.238953886554622
subject_25_task_3,25,3,,3,203,1010.0,1040.0,0.930024591996423,10.0,1.7333333333333334,eye,低,4.666666666666667,0,,,,,,6.727674694753438,2.4502612467777123,2.0506869930578406,5.940132072855022,3.5816688726662114,1.1948489725992042,2.8966546786340674,4.669698185852729,2.1625509620440035,1.6088814470710162,4.6441949120987625,1.7719132913048696,1.344133196377488,2.886598587207008,7.3614050442369585,3.3231259989765656,3.186355735589234,10.095119419063511,5.195633722976423,1.0429237268958105,3.1682336364105566,10.142168943911527,7.216646920682774,8.057475811912504,17.11723922033066,10.984327571631587,0.8956461166179843,2.124392256322238,2995,3.3032580971659917,0.2168359979383334,0.9492487479131887,0.856093489148581,0.10283806343906511,0.014023372287145243,6,2,61.0753173483774,0.12830949022768362,0.004276983007589454,0.00203584391161258,0.5262605042016807,0.6917673176053052,3.2389538865546217
subject_25_task_3,25,3,,3,204,1015.0,1045.0,0.9344958640733289,10.0,1.7416666666666667,eye,低,4.666666666666667,0,,,,,,8.708041967872951,2.513368497366736,2.3344656306193787,6.177531622932831,3.4470261790693177,1.0766354682634118,2.6462294162342466,5.0668749696184525,2.127709244096463,1.8622428314645276,4.785230639852361,1.88111941942466,1.1425519852441393,2.569606153934877,8.247138199954069,3.3885281146424973,2.9800818477052324,9.131815723108843,4.168812458933278,1.1370587412730904,3.064283529709314,11.432771300299768,7.2960012303084945,8.333549013563932,17.604537840617894,11.446694028420893,0.8754974883369986,2.11248986619797,2995,3.3308763893566855,0.2114021837639489,0.9565943238731218,0.8617696160267112,0.0988313856427379,0.012353923205342237,6,0,0.0,0.0,0.0,0.0,,,
subject_25_task_3,25,3,,3,205,1020.0,1050.0,0.9389671361502347,10.0,1.75,eye,低,4.666666666666667,0,,,,,,7.741009545347385,2.3739235296346006,2.1981559955485994,5.835545480668255,3.4542905929386047,1.0799613559919956,2.654745838095928,4.9057052551547065,2.2228898032585764,1.7380070862996402,4.386550186385509,1.8152152734756422,1.2789877675305061,2.5238966060402177,7.734044405508437,3.4223101499904622,3.0008209401866837,9.366357480012987,4.009691339487528,1.1404579674045987,3.1212650360372045,12.545666987198956,6.531381210652664,9.15033728062052,18.211729477629135,11.925913841023231,0.7137858431170032,1.990279584141638,2995,3.294361270699561,0.21798148527987773,0.9522537562604341,0.8651085141903172,0.09616026711185309,0.015692821368948246,6,0,0.0,0.0,0.0,0.0,,,
subject_25_task_3,25,3,,3,206,1025.0,1055.0,0.9434384082271406,10.0,1.7583333333333333,eye,低,4.666666666666667,0,,,,,,8.657663789145337,2.6665914136631272,2.45835114872441,6.72480543671907,3.8367419990883698,1.0847072905133055,2.735494251994244,5.542120047305982,2.265413977643419,1.9458341964483068,5.059651572575045,2.022026995460765,1.1642379303326227,2.60024804878562,8.168373569514914,3.5636662906374594,2.9501808071898035,9.250462356430145,4.149924899699064,1.207948435550983,3.1355577712003617,16.946614601370424,6.126375122741038,8.740736540346044,20.004812853259097,12.454552314734935,0.7008991856078179,2.2886873160996926,2995,3.2827406653088933,0.22465187848927334,0.9475792988313857,0.8721202003338898,0.08881469115191987,0.01969949916527546,6,0,0.0,0.0,0.0,0.0,,,
subject_25_task_3,25,3,,3,207,1030.0,1060.0,0.9479096803040465,10.0,1.7666666666666666,eye,低,4.666666666666667,1,82.0,,82.0,82.0,,8.838778134028209,2.4845245329855987,2.097983827567945,5.739850836302591,3.2928064970387334,1.1842438918443643,2.7358889810682783,5.120881557540965,2.2223690128482914,1.7570682761089869,4.157680648312321,1.5804524878966506,1.2648165373343996,2.3662601532590815,8.406089325816847,3.6021370408751987,3.081604103681426,9.294503942012444,3.943485361029773,1.1689162266405084,3.0161252481812317,14.658665752578607,5.472943510245499,9.594037339997229,20.108532358439962,12.612634354404065,0.5704525963672223,2.0959405978761567,2995,3.2228380041011624,0.2153346473040358,0.9268781302170284,0.8597662771285476,0.09148580968280468,0.02671118530884808,6,0,0.0,0.0,0.0,0.0,,,
subject_25_task_3,25,3,,3,208,1035.0,1065.0,0.9523809523809523,10.0,1.775,eye,低,4.666666666666667,1,82.0,,82.0,82.0,,8.182140154320637,2.5676537191200848,2.298250437291852,5.335992889960192,2.965575885121817,1.1172210292911702,2.321763026072942,4.852239970242199,2.3594637952904995,1.8896497668027772,3.9781317338228495,1.5041379607419298,1.2486249233807127,2.1052217208238075,8.532122672323181,3.574311689377528,3.0469619663751693,8.55388195980261,3.6277237149292416,1.173073943430191,2.8073477956729374,16.27363464543138,5.859349395165314,10.661410125021755,19.26247788825486,12.57081596633283,0.5495848416349481,1.8067476686828567,2994,3.2402362015769626,0.22422005212606685,0.9395457581830328,0.8617234468937875,0.08550434201736808,0.02972611890447562,3,0,0.0,0.0,0.0,0.0,,,
subject_25_task_3,25,3,,3,209,1040.0,1070.0,0.9568522244578582,10.0,1.7833333333333334,eye,低,4.666666666666667,1,82.0,,82.0,82.0,,9.193693321973504,2.5938326958110633,1.9377755700506754,4.996017690262673,2.8360507499180856,1.338561975855249,2.5782230757156364,4.950497276625241,2.4041732825353423,1.5466010823540062,3.6839358215760094,1.4426499897923952,1.5544882969279106,2.3819560606855843,8.859922145633904,3.6867996210003504,2.993985642610399,8.575626104252839,3.8225083988538007,1.231401904047175,2.8642843112553855,13.963895236418864,5.386025439923107,11.126979859421121,19.718873145367407,13.562802220105281,0.48405097411610787,1.7721675957444645,2994,3.220410954185325,0.21421817100079346,0.9298597194388778,0.8466933867735471,0.09118236472945891,0.03440213760855043,3,0,0.0,0.0,0.0,0.0,,,
subject_25_task_3,25,3,,3,210,1045.0,1075.0,0.9613234965347641,10.0,1.7916666666666667,eye,低,4.666666666666667,1,82.0,,82.0,82.0,,8.55934785790089,2.8091824341400025,1.8753467286128063,4.956283713583435,2.8378022667158556,1.4979536270703149,2.642862590668552,5.170904892153257,2.5641766385043394,1.4659674799951838,3.7358117043359624,1.4010246870913614,1.749136098512065,2.5483591930349205,9.47644128859636,3.764238926642136,3.017519330644823,8.389579648890848,3.8707551203016,1.2474614125629293,2.780290274759583,16.24185199491194,5.8000971965354475,10.448605389194663,19.46634184267134,13.002557480801627,0.5551073067161258,1.86305646711496,2994,3.2270168384879723,0.21724836296673697,0.9362057448229792,0.8473613894455578,0.09485637942551771,0.03006012024048096,3,0,0.0,0.0,0.0,0.0,,,
subject_25_task_3,25,3,,3,211,1050.0,1080.0,0.96579476861167,10.0,1.8,eye,低,4.666666666666667,1,82.0,,82.0,82.0,,8.794693924448467,2.7560408473186904,1.8901627467235511,5.096073900412303,2.8970892852183496,1.4580971147040491,2.6961032372720006,5.080439295706334,2.510516021429091,1.4356143051054513,3.876893578683888,1.481773492819488,1.7487399035388436,2.7005119445359074,9.897949709580997,4.008569543419971,3.273804914890431,8.559859906694172,3.823700186402032,1.2244375115901283,2.614651797900626,9.819241638805742,5.763368699163881,9.702568527636602,19.518156943272068,12.838085198534785,0.5940044311717683,2.011648450374449,2994,3.254120856353591,0.23747412745197408,0.9161656646626587,0.8196392785571143,0.10721442885771543,0.03740814963259853,6,1,3.8805349594622056,0.04850668699327757,0.0016168895664425858,0.00012935116531540686,1.0,-1.000088900581841e-12,3.29788
subject_25_task_3,25,3,,3,212,1055.0,1085.0,0.9702660406885759,10.0,1.8083333333333333,eye,低,4.666666666666667,1,82.0,,82.0,82.0,,8.720687144333331,2.9595036758574014,1.9731869407599605,4.841072172278359,2.6762337193978363,1.4998597521213917,2.453428041852867,5.197039888956138,2.690719814858826,1.475077173689771,3.7367735814493055,1.4240156903279926,1.8241213835125898,2.5332732741718913,9.752280368149078,4.028698585684284,3.1607154665510144,7.989896150633149,3.4244421467300192,1.2746160254913474,2.5278758038134184,10.417254219814135,6.291173802361474,9.954773551211987,18.29621599479641,12.285903172335003,0.6319755813627249,1.8379339219191837,2995,3.2874727961432506,0.22940461050062683,0.9245409015025041,0.8103505843071787,0.11419031719532555,0.035058430717863104,6,1,10.810061672787686,0.13512577090984607,0.0045041923636615355,0.00036033538909292285,1.0,-1.000088900581841e-12,3.29788
subject_25_task_3,25,3,,3,213,1060.0,1090.0,0.9747373127654818,10.0,1.8166666666666667,eye,低,4.666666666666667,0,,,,,,8.917662252520126,2.9636299996717272,2.1446643414370086,5.564532249510522,3.151529667140078,1.3818619270211672,2.594593541748388,5.262665574033974,2.712318376365476,1.487324437764341,3.9940083273654525,1.59119904504015,1.8236225449522458,2.6853645552741754,9.20573365164184,3.9458780165023173,3.297114259915854,8.02337382126909,3.5654706386390296,1.1967671440670729,2.433453374307342,10.397071498537057,5.4907396452295005,9.82472227287376,19.466967434855196,12.320255130928757,0.5588697057004384,1.9814267410493478,2995,3.323726678141136,0.21319046550146523,0.9312186978297162,0.7909849749582638,0.12687813021702837,0.03639398998330551,6,1,17.73958838611317,0.2217448548264146,0.0073914951608804865,0.000591319612870439,1.0,-1.000088900581841e-12,3.29788
subject_25_task_3,25,3,,3,214,1065.0,1095.0,0.9792085848423877,10.0,1.825,eye,低,4.666666666666667,0,,,,,,8.811367972481838,3.0280764191109197,2.2002119658855874,6.103231830888443,3.532215558413664,1.376265771689918,2.773929023893789,5.4565853906491855,2.632085489283139,1.5540899396738617,4.136528150925249,1.7074673850763789,1.693650683972321,2.661704477537081,9.205593475263608,3.824150438225072,3.213068266460889,7.920480638580198,3.4566865429749134,1.1901864887661644,2.465083210729413,11.10781846578839,6.0515485057021765,9.57705461134182,18.616934374628677,12.42158934348668,0.6318799204230816,1.943910223982768,2995,3.3063194060773475,0.2037774494256694,0.9252086811352254,0.7889816360601002,0.1292153589315526,0.038397328881469114,6,1,24.669115099438645,0.30836393874298307,0.010278797958099436,0.0008223038366479548,1.0,-1.000088900581841e-12,3.29788
subject_25_task_3,25,3,,3,215,1070.0,1100.0,0.9836798569192935,10.0,1.8333333333333333,eye,低,4.666666666666667,0,,,,,,8.011577115709132,3.0889803116676577,2.2874093446335326,6.515479997826868,4.067431318889841,1.3504274252068973,2.8484101514723497,5.3223332674112225,2.708100020094266,1.5871080230809849,4.494979318493866,1.9906077576544723,1.7063110895483646,2.8321823424267962,8.335225958177993,3.599633653352602,3.3557092077691433,8.63341719629069,3.891058754200185,1.072689387095498,2.572754866930242,10.279619413331982,5.496643820563073,10.403207831955529,20.927647817756913,13.104525717666382,0.528360473937571,2.0116533434498414,2995,3.325120344827587,0.2141835593651627,0.923873121869783,0.7926544240400668,0.12487479131886478,0.04006677796327212,3,1,31.59864181276413,0.3949830226595516,0.013166100755318386,0.001053288060425471,1.0,-1.000088900581841e-12,3.29788
subject_25_task_3,25,3,,3,216,1075.0,1105.0,0.9881511289961994,10.0,1.8416666666666666,eye,低,4.666666666666667,0,,,,,,7.824649784848806,3.0507542156632357,2.4387569238303173,6.792445385979899,4.291121556565992,1.2509464087432354,2.785208037589769,5.341598276681295,2.7970953547215944,1.6907734014268287,4.659810125116482,2.1532591936422123,1.6543289315772003,2.7560228479961357,7.80602095917419,3.4868125432547297,3.0415740363732424,8.386451660864008,3.7230029572713486,1.146384241040007,2.7572735565772946,9.941596160931047,6.049190248414585,11.651675538216054,20.98391285628551,14.196169005756701,0.5191691296735813,1.800935220643664,2995,3.3477120689655164,0.191305581874368,0.9262103505843072,0.8073455759599332,0.11485809682804675,0.04006677796327212,3,1,38.52816852608961,0.48160210657612007,0.016053403552537336,0.001284272284202987,1.0,-1.000088900581841e-12,3.29788
subject_25_task_3,25,3,,3,217,1080.0,1110.0,0.9926224010731053,10.0,1.85,eye,低,4.666666666666667,0,,,,,,7.845991155852581,3.067564763802775,2.5086747223983608,7.0919804321633375,4.739542597967857,1.2227829843440605,2.8269828562641286,5.611502505772237,2.77598628269284,1.7322676676858386,4.875156115187182,2.4035959638220894,1.602515785797307,2.8143203305872317,7.371351980865921,3.4649904746488467,3.0454112259834747,8.268057262344215,4.116782269091203,1.1377742503493513,2.7149230920937963,11.653057268029203,6.318893729876675,14.224119971185507,22.125324820449567,15.648706392512468,0.4442379382820987,1.5554793453141507,2995,3.371671340629275,0.1679387515609844,0.9465776293823038,0.8377295492487479,0.1015025041736227,0.02971619365609349,3,1,41.577160279952885,0.5197145034994111,0.0173238167833137,0.0013859053426650962,1.0,-1.000088900581841e-12,3.29788
subject_25_task_3,25,3,,3,218,1085.0,1115.0,0.9970936731500112,10.0,1.8583333333333334,eye,低,4.666666666666667,0,,,,,,7.482241433207924,3.1138959247968763,2.7484118959965795,8.187589749106378,5.873379263399432,1.132980078179938,2.9790257279240677,5.466635985707728,2.8140656956111747,1.8241806084010863,5.622230898863673,2.869177708151994,1.5426464258260772,3.0820582528786,7.139321080608218,3.638139232774961,3.1203273784017016,8.905168879274246,4.4289210360400695,1.165947925194469,2.8539213355989794,10.383378627826803,6.388096830041111,14.829824927591515,22.27031507688038,16.44999288041711,0.43076009738697507,1.5017247462878351,2994,3.365143101677508,0.18558530529730558,0.9412157648630595,0.8520374081496326,0.09218436873747494,0.031062124248496994,3,1,41.577160279952885,0.5197145034994111,0.0173238167833137,0.0013859053426650962,1.0,-1.000088900581841e-12,3.29788
subject_25_task_3,25,3,,3,219,1088.25,1118.25,1.0,10.0,1.86375,eye,低,4.666666666666667,0,,,,,,7.560848110453847,3.1533390407978503,2.8285533437907837,8.843169748497168,6.604816512897998,1.1148239603541625,3.1263931323443552,5.344023148174319,2.7244753345826527,1.9577285211040028,6.113357696667222,3.326143714906148,1.3916512454169416,3.12267897758356,7.346718198653015,3.7381416408620423,3.367164088120287,9.920722376215009,5.405951187970424,1.1101750740483969,2.946313905881918,11.486482148153224,6.758533676686611,15.62098204640293,22.881882052302377,16.760321148380786,0.43265741274204395,1.4648171276511663,2995,3.3694063243794625,0.19857605291152453,0.93889816360601,0.8684474123539232,0.08614357262103506,0.02270450751252087,3,1,41.577160279952885,0.5197145034994111,0.0173238167833137,0.0013859053426650962,1.0,-1.000088900581841e-12,3.29788
